t 	 Richness 	 Shannon Index 
1 	 11 	 2.302586 	 0.960253 
2 	 12 	 2.302588 	 0.926629 
3 	 14 	 2.302589 	 0.872504 
4 	 18 	 2.302590 	 0.796641 
5 	 34 	 2.302592 	 0.652966 
6 	 46 	 2.302594 	 0.601413 
7 	 49 	 2.302594 	 0.591650 
8 	 50 	 2.302594 	 0.588594 
9 	 39 	 2.302593 	 0.628512 
10 	 34 	 2.302592 	 0.652966 
11 	 33 	 2.302592 	 0.658541 
12 	 27 	 2.302592 	 0.698636 
13 	 24 	 2.302591 	 0.724529 
14 	 24 	 2.302591 	 0.724529 
15 	 23 	 2.302591 	 0.734363 
16 	 18 	 2.302590 	 0.796641 
17 	 18 	 2.302590 	 0.796641 
18 	 17 	 2.302590 	 0.812713 
19 	 16 	 2.302589 	 0.830484 
20 	 15 	 2.302589 	 0.850276 
21 	 15 	 2.302589 	 0.850276 
22 	 14 	 2.302589 	 0.872504 
23 	 14 	 2.302589 	 0.872504 
24 	 14 	 2.302589 	 0.872504 
25 	 18 	 2.302590 	 0.796642 
26 	 18 	 2.302590 	 0.796642 
27 	 20 	 2.302591 	 0.768624 
28 	 21 	 2.302591 	 0.756306 
29 	 25 	 2.302592 	 0.715340 
30 	 34 	 2.302594 	 0.652966 
31 	 39 	 2.302595 	 0.628513 
32 	 42 	 2.302595 	 0.616051 
33 	 46 	 2.302596 	 0.601413 
34 	 46 	 2.302596 	 0.601413 
35 	 42 	 2.302595 	 0.616051 
36 	 38 	 2.302595 	 0.633001 
37 	 36 	 2.302594 	 0.642551 
38 	 33 	 2.302594 	 0.658541 
39 	 33 	 2.302594 	 0.658541 
40 	 32 	 2.302594 	 0.664388 
41 	 29 	 2.302593 	 0.683811 
42 	 24 	 2.302592 	 0.724529 
43 	 23 	 2.302592 	 0.734363 
44 	 21 	 2.302591 	 0.756306 
45 	 20 	 2.302591 	 0.768624 
46 	 21 	 2.302591 	 0.756306 
47 	 23 	 2.302592 	 0.734363 
48 	 23 	 2.302592 	 0.734363 
49 	 27 	 2.302593 	 0.698637 
50 	 30 	 2.302594 	 0.676995 
51 	 35 	 2.302595 	 0.647643 
52 	 37 	 2.302595 	 0.637676 
53 	 42 	 2.302596 	 0.616051 
54 	 45 	 2.302596 	 0.604886 
55 	 45 	 2.302596 	 0.604886 
56 	 46 	 2.302597 	 0.601413 
57 	 46 	 2.302597 	 0.601413 
58 	 48 	 2.302597 	 0.594802 
59 	 44 	 2.302596 	 0.608478 
60 	 40 	 2.302596 	 0.624199 
61 	 37 	 2.302595 	 0.637676 
62 	 37 	 2.302595 	 0.637676 
63 	 37 	 2.302595 	 0.637676 
64 	 34 	 2.302594 	 0.652966 
65 	 30 	 2.302594 	 0.676995 
66 	 31 	 2.302594 	 0.670531 
67 	 34 	 2.302595 	 0.652966 
68 	 34 	 2.302595 	 0.652966 
69 	 37 	 2.302595 	 0.637676 
70 	 39 	 2.302596 	 0.628513 
71 	 40 	 2.302596 	 0.624199 
72 	 42 	 2.302596 	 0.616051 
73 	 45 	 2.302597 	 0.604886 
74 	 48 	 2.302597 	 0.594802 
75 	 50 	 2.302598 	 0.588595 
76 	 51 	 2.302598 	 0.585631 
77 	 52 	 2.302598 	 0.582753 
78 	 52 	 2.302598 	 0.582753 
79 	 54 	 2.302599 	 0.577239 
80 	 55 	 2.302599 	 0.574596 
81 	 54 	 2.302599 	 0.577239 
82 	 48 	 2.302598 	 0.594802 
83 	 45 	 2.302597 	 0.604886 
84 	 43 	 2.302597 	 0.612197 
85 	 41 	 2.302596 	 0.620049 
86 	 41 	 2.302596 	 0.620049 
87 	 41 	 2.302596 	 0.620049 
88 	 41 	 2.302596 	 0.620049 
89 	 43 	 2.302597 	 0.612197 
90 	 44 	 2.302597 	 0.608478 
91 	 44 	 2.302597 	 0.608478 
92 	 44 	 2.302597 	 0.608478 
93 	 47 	 2.302597 	 0.598054 
94 	 49 	 2.302598 	 0.591651 
95 	 49 	 2.302598 	 0.591651 
96 	 49 	 2.302598 	 0.591651 
97 	 50 	 2.302598 	 0.588595 
98 	 50 	 2.302598 	 0.588595 
99 	 53 	 2.302599 	 0.579957 
100 	 54 	 2.302599 	 0.577239 
101 	 55 	 2.302599 	 0.574596 
102 	 55 	 2.302599 	 0.574596 
103 	 54 	 2.302599 	 0.577239 
104 	 52 	 2.302598 	 0.582753 
105 	 50 	 2.302598 	 0.588595 
106 	 50 	 2.302598 	 0.588595 
107 	 50 	 2.302598 	 0.588595 
108 	 50 	 2.302598 	 0.588595 
109 	 51 	 2.302598 	 0.585631 
110 	 53 	 2.302599 	 0.579957 
111 	 54 	 2.302599 	 0.577239 
112 	 55 	 2.302599 	 0.574596 
113 	 56 	 2.302599 	 0.572024 
114 	 56 	 2.302599 	 0.572024 
115 	 56 	 2.302599 	 0.572024 
116 	 57 	 2.302599 	 0.569520 
117 	 59 	 2.302600 	 0.564703 
118 	 59 	 2.302599 	 0.564703 
119 	 59 	 2.302599 	 0.564703 
120 	 59 	 2.302599 	 0.564703 
121 	 61 	 2.302600 	 0.560124 
122 	 62 	 2.302600 	 0.557917 
123 	 64 	 2.302600 	 0.553658 
124 	 66 	 2.302600 	 0.549592 
125 	 67 	 2.302600 	 0.547626 
126 	 67 	 2.302600 	 0.547626 
127 	 69 	 2.302600 	 0.543822 
128 	 70 	 2.302600 	 0.541980 
129 	 71 	 2.302600 	 0.540177 
130 	 73 	 2.302599 	 0.536679 
131 	 73 	 2.302599 	 0.536679 
132 	 74 	 2.302598 	 0.534982 
133 	 74 	 2.302597 	 0.534982 
134 	 76 	 2.302596 	 0.531687 
135 	 78 	 2.302595 	 0.528517 
136 	 80 	 2.302594 	 0.525463 
137 	 82 	 2.302592 	 0.522519 
138 	 83 	 2.302590 	 0.521085 
139 	 83 	 2.302587 	 0.521084 
140 	 85 	 2.302584 	 0.518291 
141 	 86 	 2.302582 	 0.516929 
142 	 86 	 2.302577 	 0.516928 
143 	 86 	 2.302572 	 0.516927 
144 	 88 	 2.302565 	 0.514271 
145 	 90 	 2.302555 	 0.511701 
146 	 91 	 2.302547 	 0.510445 
147 	 92 	 2.302537 	 0.509209 
148 	 94 	 2.302516 	 0.506794 
149 	 95 	 2.302499 	 0.505613 
150 	 96 	 2.302486 	 0.504450 
151 	 97 	 2.302447 	 0.503299 
152 	 98 	 2.302441 	 0.502172 
153 	 101 	 2.302405 	 0.498883 
154 	 103 	 2.302371 	 0.496765 
155 	 103 	 2.302326 	 0.496755 
156 	 103 	 2.302273 	 0.496744 
157 	 105 	 2.302198 	 0.494675 
158 	 108 	 2.302100 	 0.491678 
159 	 110 	 2.302007 	 0.489739 
160 	 110 	 2.301911 	 0.489718 
161 	 113 	 2.301798 	 0.486907 
162 	 114 	 2.301652 	 0.485970 
163 	 115 	 2.301494 	 0.485042 
164 	 116 	 2.301297 	 0.484118 
165 	 114 	 2.301091 	 0.485852 
166 	 114 	 2.300855 	 0.485802 
167 	 115 	 2.300819 	 0.484900 
168 	 117 	 2.300464 	 0.483070 
169 	 118 	 2.299903 	 0.482091 
170 	 119 	 2.299811 	 0.481220 
171 	 120 	 2.299392 	 0.480292 
172 	 121 	 2.298758 	 0.479328 
173 	 123 	 2.298358 	 0.477612 
174 	 125 	 2.297982 	 0.475939 
175 	 127 	 2.297371 	 0.474253 
176 	 129 	 2.296575 	 0.472565 
177 	 134 	 2.295984 	 0.468775 
178 	 134 	 2.295213 	 0.468617 
179 	 134 	 2.294386 	 0.468449 
180 	 134 	 2.293531 	 0.468274 
181 	 136 	 2.292604 	 0.466673 
182 	 136 	 2.291608 	 0.466470 
183 	 135 	 2.290268 	 0.466899 
184 	 134 	 2.289133 	 0.467376 
185 	 133 	 2.288129 	 0.467887 
186 	 129 	 2.286875 	 0.470569 
187 	 132 	 2.285515 	 0.468075 
188 	 132 	 2.283891 	 0.467742 
189 	 135 	 2.282533 	 0.465322 
190 	 136 	 2.280961 	 0.464303 
191 	 136 	 2.278654 	 0.463833 
192 	 136 	 2.278072 	 0.463715 
193 	 139 	 2.275865 	 0.461217 
194 	 138 	 2.272950 	 0.461302 
195 	 138 	 2.272490 	 0.461208 
196 	 140 	 2.270891 	 0.459542 
197 	 141 	 2.268284 	 0.458354 
198 	 140 	 2.266354 	 0.458624 
199 	 140 	 2.265022 	 0.458354 
200 	 141 	 2.262424 	 0.457170 
201 	 143 	 2.261295 	 0.455645 
202 	 142 	 2.259262 	 0.455880 
203 	 142 	 2.256492 	 0.455321 
204 	 142 	 2.253977 	 0.454814 
205 	 143 	 2.251206 	 0.453612 
206 	 143 	 2.249051 	 0.453178 
207 	 144 	 2.247314 	 0.452193 
208 	 146 	 2.246295 	 0.450737 
209 	 149 	 2.243244 	 0.448295 
210 	 148 	 2.241017 	 0.448453 
211 	 149 	 2.239769 	 0.447601 
212 	 149 	 2.237525 	 0.447152 
213 	 152 	 2.235285 	 0.444932 
214 	 151 	 2.231300 	 0.444723 
215 	 152 	 2.230653 	 0.444010 
216 	 152 	 2.227786 	 0.443439 
217 	 151 	 2.225560 	 0.443579 
218 	 154 	 2.223926 	 0.441522 
219 	 156 	 2.221009 	 0.439816 
220 	 156 	 2.218838 	 0.439386 
221 	 157 	 2.217485 	 0.438563 
222 	 156 	 2.215464 	 0.438718 
223 	 156 	 2.212369 	 0.438105 
224 	 159 	 2.210872 	 0.436164 
225 	 159 	 2.208808 	 0.435756 
226 	 161 	 2.207035 	 0.434336 
227 	 162 	 2.203842 	 0.433179 
228 	 162 	 2.201865 	 0.432791 
229 	 162 	 2.199917 	 0.432408 
230 	 162 	 2.198234 	 0.432077 
231 	 163 	 2.195971 	 0.431111 
232 	 163 	 2.195448 	 0.431008 
233 	 162 	 2.192939 	 0.431036 
234 	 162 	 2.191728 	 0.430798 
235 	 163 	 2.189839 	 0.429907 
236 	 169 	 2.188149 	 0.426548 
237 	 170 	 2.185987 	 0.425637 
238 	 170 	 2.185183 	 0.425481 
239 	 169 	 2.183670 	 0.425675 
240 	 171 	 2.182027 	 0.424381 
241 	 171 	 2.180828 	 0.424148 
242 	 169 	 2.179080 	 0.424780 
243 	 165 	 2.178106 	 0.426582 
244 	 167 	 2.176680 	 0.425300 
245 	 168 	 2.175921 	 0.424656 
246 	 168 	 2.175123 	 0.424500 
247 	 168 	 2.174291 	 0.424338 
248 	 168 	 2.173597 	 0.424202 
249 	 169 	 2.173341 	 0.423662 
250 	 170 	 2.172627 	 0.423036 
251 	 170 	 2.171730 	 0.422861 
252 	 166 	 2.170944 	 0.424677 
253 	 168 	 2.170496 	 0.423597 
254 	 166 	 2.168615 	 0.424222 
255 	 163 	 2.167186 	 0.425460 
256 	 164 	 2.166267 	 0.424769 
257 	 164 	 2.164481 	 0.424419 
258 	 165 	 2.162643 	 0.423554 
259 	 166 	 2.158191 	 0.422182 
260 	 166 	 2.156159 	 0.421785 
261 	 166 	 2.152224 	 0.421015 
262 	 167 	 2.150860 	 0.420254 
263 	 168 	 2.145771 	 0.418772 
264 	 165 	 2.141872 	 0.419486 
265 	 163 	 2.137778 	 0.419686 
266 	 164 	 2.135758 	 0.418787 
267 	 164 	 2.131396 	 0.417932 
268 	 162 	 2.122814 	 0.417253 
269 	 160 	 2.121120 	 0.417940 
270 	 159 	 2.113504 	 0.416955 
271 	 161 	 2.108321 	 0.414909 
272 	 161 	 2.106776 	 0.414605 
273 	 160 	 2.101024 	 0.413981 
274 	 159 	 2.095332 	 0.413370 
275 	 160 	 2.089307 	 0.411672 
276 	 161 	 2.079515 	 0.409240 
277 	 162 	 2.075589 	 0.407971 
278 	 161 	 2.064540 	 0.406293 
279 	 161 	 2.058520 	 0.405109 
280 	 160 	 2.050916 	 0.404108 
281 	 159 	 2.045660 	 0.403571 
282 	 158 	 2.035600 	 0.402086 
283 	 156 	 2.028960 	 0.401786 
284 	 154 	 2.021181 	 0.401271 
285 	 154 	 2.015933 	 0.400229 
286 	 153 	 2.009833 	 0.399534 
287 	 151 	 1.998309 	 0.398285 
288 	 152 	 1.994468 	 0.396998 
289 	 151 	 1.982366 	 0.395108 
290 	 151 	 1.970491 	 0.392741 
291 	 146 	 1.961525 	 0.393595 
292 	 147 	 1.958215 	 0.392394 
293 	 145 	 1.949055 	 0.391633 
294 	 144 	 1.939692 	 0.390295 
295 	 143 	 1.931768 	 0.389246 
296 	 139 	 1.917500 	 0.388593 
297 	 134 	 1.907284 	 0.389413 
298 	 135 	 1.906697 	 0.388703 
299 	 129 	 1.895744 	 0.390086 
300 	 128 	 1.893526 	 0.390254 
301 	 129 	 1.893661 	 0.389657 
302 	 130 	 1.897178 	 0.389762 
303 	 130 	 1.912841 	 0.392979 
304 	 131 	 1.933731 	 0.396647 
305 	 132 	 1.966543 	 0.402749 
306 	 133 	 2.015034 	 0.412043 
307 	 128 	 2.060236 	 0.424613 
308 	 126 	 2.085262 	 0.431171 
309 	 126 	 2.116105 	 0.437548 
310 	 127 	 2.144576 	 0.442711 
311 	 128 	 2.159145 	 0.444998 
312 	 124 	 2.165695 	 0.449288 
313 	 120 	 2.168434 	 0.452937 
314 	 122 	 2.170010 	 0.451707 
315 	 124 	 2.170779 	 0.450343 
316 	 117 	 2.170832 	 0.455849 
317 	 111 	 2.170402 	 0.460853 
318 	 108 	 2.170005 	 0.463465 
319 	 101 	 2.169138 	 0.470007 
320 	 95 	 2.167957 	 0.476068 
321 	 90 	 2.166378 	 0.481438 
322 	 90 	 2.164031 	 0.480916 
323 	 87 	 2.161138 	 0.483919 
324 	 81 	 2.155529 	 0.490512 
325 	 78 	 2.150216 	 0.493541 
326 	 79 	 2.141645 	 0.490141 
327 	 80 	 2.138952 	 0.488119 
328 	 80 	 2.129057 	 0.485861 
329 	 82 	 2.121243 	 0.481366 
330 	 82 	 2.113130 	 0.479524 
331 	 82 	 2.106177 	 0.477947 
332 	 82 	 2.100700 	 0.476704 
333 	 83 	 2.097193 	 0.474603 
334 	 84 	 2.093961 	 0.472590 
335 	 84 	 2.093121 	 0.472401 
336 	 86 	 2.093077 	 0.469895 
337 	 87 	 2.093997 	 0.468885 
338 	 86 	 2.095139 	 0.470358 
339 	 87 	 2.096777 	 0.469507 
340 	 87 	 2.098764 	 0.469952 
341 	 86 	 2.101026 	 0.471680 
342 	 85 	 2.103082 	 0.473385 
343 	 85 	 2.104633 	 0.473734 
344 	 85 	 2.105495 	 0.473928 
345 	 88 	 2.105316 	 0.470216 
346 	 88 	 2.104374 	 0.470006 
347 	 89 	 2.101816 	 0.468253 
348 	 90 	 2.101316 	 0.466979 
349 	 91 	 2.100099 	 0.465565 
350 	 94 	 2.099194 	 0.462042 
351 	 94 	 2.099286 	 0.462062 
352 	 96 	 2.101510 	 0.460418 
353 	 98 	 2.103604 	 0.458804 
354 	 100 	 2.110055 	 0.458193 
355 	 101 	 2.116205 	 0.458537 
356 	 105 	 2.123611 	 0.456302 
357 	 103 	 2.133943 	 0.460424 
358 	 102 	 2.150484 	 0.464972 
359 	 102 	 2.160251 	 0.467084 
360 	 103 	 2.169438 	 0.468083 
361 	 101 	 2.178980 	 0.472139 
362 	 103 	 2.185840 	 0.471622 
363 	 103 	 2.191197 	 0.472778 
364 	 104 	 2.193330 	 0.472254 
365 	 106 	 2.193896 	 0.470446 
366 	 107 	 2.192995 	 0.469308 
367 	 108 	 2.190894 	 0.467927 
368 	 110 	 2.189569 	 0.465818 
369 	 112 	 2.186886 	 0.463471 
370 	 112 	 2.184385 	 0.462941 
371 	 109 	 2.181400 	 0.464984 
372 	 109 	 2.175975 	 0.463827 
373 	 109 	 2.175326 	 0.463689 
374 	 107 	 2.168319 	 0.464027 
375 	 103 	 2.163816 	 0.466870 
376 	 103 	 2.158902 	 0.465810 
377 	 104 	 2.155223 	 0.464049 
378 	 103 	 2.149684 	 0.463821 
379 	 105 	 2.145616 	 0.461030 
380 	 107 	 2.141166 	 0.458216 
381 	 107 	 2.135324 	 0.456966 
382 	 110 	 2.127886 	 0.452696 
383 	 113 	 2.124023 	 0.449302 
384 	 116 	 2.119518 	 0.445877 
385 	 119 	 2.115122 	 0.442575 
386 	 121 	 2.112406 	 0.440471 
387 	 126 	 2.110141 	 0.436315 
388 	 128 	 2.108587 	 0.434578 
389 	 128 	 2.107536 	 0.434362 
390 	 131 	 2.107468 	 0.432284 
391 	 130 	 2.107524 	 0.432976 
392 	 130 	 2.107642 	 0.433000 
393 	 129 	 2.107427 	 0.433644 
394 	 130 	 2.106097 	 0.432683 
395 	 131 	 2.104715 	 0.431719 
396 	 131 	 2.099049 	 0.430557 
397 	 130 	 2.097534 	 0.430923 
398 	 133 	 2.089948 	 0.427362 
399 	 134 	 2.082266 	 0.425140 
400 	 132 	 2.073909 	 0.424737 
401 	 132 	 2.070602 	 0.424060 
402 	 132 	 2.066001 	 0.423118 
403 	 131 	 2.060996 	 0.422751 
404 	 135 	 2.056242 	 0.419190 
405 	 133 	 2.054077 	 0.420027 
406 	 133 	 2.053940 	 0.419999 
407 	 133 	 2.056930 	 0.420610 
408 	 133 	 2.062685 	 0.421787 
409 	 134 	 2.073174 	 0.423283 
410 	 136 	 2.081861 	 0.423775 
411 	 134 	 2.094712 	 0.427681 
412 	 133 	 2.098290 	 0.429068 
413 	 138 	 2.104428 	 0.427100 
414 	 138 	 2.104502 	 0.427115 
415 	 138 	 2.101892 	 0.426585 
416 	 135 	 2.093365 	 0.426758 
417 	 135 	 2.090309 	 0.426135 
418 	 129 	 2.086036 	 0.429242 
419 	 128 	 2.083546 	 0.429417 
420 	 130 	 2.080768 	 0.427479 
421 	 129 	 2.078045 	 0.427598 
422 	 125 	 2.076610 	 0.430090 
423 	 119 	 2.075500 	 0.434285 
424 	 119 	 2.074791 	 0.434136 
425 	 118 	 2.074808 	 0.434908 
426 	 114 	 2.075055 	 0.438127 
427 	 112 	 2.075366 	 0.439836 
428 	 115 	 2.075414 	 0.437396 
429 	 115 	 2.074880 	 0.437283 
430 	 112 	 2.072137 	 0.439152 
431 	 112 	 2.068701 	 0.438423 
432 	 113 	 2.063752 	 0.436552 
433 	 114 	 2.060023 	 0.434953 
434 	 115 	 2.052867 	 0.432644 
435 	 118 	 2.048226 	 0.429336 
436 	 121 	 2.043747 	 0.426154 
437 	 115 	 2.040432 	 0.430023 
438 	 117 	 2.038097 	 0.427976 
439 	 119 	 2.036573 	 0.426139 
440 	 119 	 2.036186 	 0.426058 
441 	 117 	 2.036401 	 0.427620 
442 	 119 	 2.037385 	 0.426309 
443 	 117 	 2.037856 	 0.427925 
444 	 119 	 2.040255 	 0.426910 
445 	 119 	 2.042226 	 0.427322 
446 	 120 	 2.046725 	 0.427515 
447 	 121 	 2.048270 	 0.427097 
448 	 122 	 2.051180 	 0.426971 
449 	 124 	 2.057154 	 0.426770 
450 	 126 	 2.061383 	 0.426233 
451 	 126 	 2.066792 	 0.427351 
452 	 125 	 2.071838 	 0.429102 
453 	 127 	 2.074169 	 0.428177 
454 	 128 	 2.079266 	 0.428535 
455 	 124 	 2.080704 	 0.431656 
456 	 118 	 2.080662 	 0.436135 
457 	 114 	 2.078964 	 0.438952 
458 	 118 	 2.074639 	 0.434872 
459 	 118 	 2.072662 	 0.434458 
460 	 120 	 2.065752 	 0.431490 
461 	 121 	 2.056052 	 0.428720 
462 	 121 	 2.044969 	 0.426409 
463 	 120 	 2.027477 	 0.423495 
464 	 120 	 2.017830 	 0.421479 
465 	 123 	 2.008156 	 0.417307 
466 	 120 	 1.997158 	 0.417162 
467 	 119 	 1.983620 	 0.415059 
468 	 122 	 1.974233 	 0.410954 
469 	 120 	 1.961452 	 0.409704 
470 	 121 	 1.959899 	 0.408671 
471 	 123 	 1.960643 	 0.407433 
472 	 123 	 1.974803 	 0.410376 
473 	 125 	 1.976613 	 0.409380 
474 	 119 	 2.021321 	 0.422948 
475 	 119 	 2.024320 	 0.423576 
476 	 120 	 2.050641 	 0.428333 
477 	 124 	 2.065229 	 0.428446 
478 	 126 	 2.065275 	 0.427038 
479 	 126 	 2.054855 	 0.424883 
480 	 129 	 2.035479 	 0.418839 
481 	 128 	 2.022882 	 0.416915 
482 	 132 	 2.013869 	 0.412441 
483 	 132 	 1.999476 	 0.409494 
484 	 127 	 1.992404 	 0.411298 
485 	 125 	 1.990603 	 0.412277 
486 	 121 	 1.983465 	 0.413585 
487 	 118 	 1.979927 	 0.415019 
488 	 115 	 1.977711 	 0.416805 
489 	 116 	 1.977338 	 0.415967 
490 	 117 	 1.978957 	 0.415558 
491 	 118 	 1.985368 	 0.416160 
492 	 117 	 2.002623 	 0.420527 
493 	 119 	 2.013859 	 0.421387 
494 	 121 	 2.035852 	 0.424508 
495 	 127 	 2.057802 	 0.424798 
496 	 131 	 2.073787 	 0.425375 
497 	 133 	 2.078708 	 0.425063 
498 	 135 	 2.078718 	 0.423772 
499 	 137 	 2.076640 	 0.422083 
500 	 142 	 2.073239 	 0.418344 
501 	 142 	 2.071682 	 0.418029 
502 	 129 	 2.068683 	 0.425671 
503 	 129 	 2.068047 	 0.425540 
504 	 128 	 2.066440 	 0.425892 
505 	 124 	 2.064814 	 0.428360 
506 	 123 	 2.063201 	 0.428745 
507 	 117 	 2.061155 	 0.432818 
508 	 115 	 2.057443 	 0.433609 
509 	 116 	 2.054673 	 0.432236 
510 	 115 	 2.050015 	 0.432043 
511 	 116 	 2.044970 	 0.430195 
512 	 119 	 2.037893 	 0.426416 
513 	 123 	 2.032757 	 0.422419 
514 	 125 	 2.031022 	 0.420648 
515 	 124 	 2.036183 	 0.422420 
516 	 126 	 2.048351 	 0.423538 
517 	 129 	 2.072894 	 0.426538 
518 	 133 	 2.092997 	 0.427985 
519 	 138 	 2.098772 	 0.425952 
520 	 138 	 2.098354 	 0.425867 
521 	 143 	 2.091082 	 0.421348 
522 	 146 	 2.078590 	 0.417085 
523 	 147 	 2.073199 	 0.415435 
524 	 142 	 2.064918 	 0.416665 
525 	 142 	 2.057840 	 0.415236 
526 	 129 	 2.049927 	 0.421812 
527 	 121 	 2.047500 	 0.426937 
528 	 112 	 2.039580 	 0.432252 
529 	 113 	 2.036853 	 0.430862 
530 	 115 	 2.029637 	 0.427748 
531 	 114 	 2.025471 	 0.427658 
532 	 114 	 2.019443 	 0.426385 
533 	 114 	 2.012228 	 0.424861 
534 	 116 	 2.002760 	 0.421315 
535 	 117 	 1.994462 	 0.418813 
536 	 121 	 1.981488 	 0.413172 
537 	 125 	 1.976629 	 0.409383 
538 	 126 	 1.967448 	 0.406810 
539 	 130 	 1.960847 	 0.402842 
540 	 134 	 1.951183 	 0.398376 
541 	 138 	 1.944384 	 0.394618 
542 	 141 	 1.935729 	 0.391154 
543 	 140 	 1.929927 	 0.390544 
544 	 140 	 1.923887 	 0.389321 
545 	 137 	 1.918482 	 0.389937 
546 	 129 	 1.915025 	 0.394053 
547 	 126 	 1.912160 	 0.395378 
548 	 126 	 1.910418 	 0.395018 
549 	 126 	 1.908516 	 0.394625 
550 	 124 	 1.906959 	 0.395612 
551 	 124 	 1.905957 	 0.395404 
552 	 126 	 1.906302 	 0.394167 
553 	 126 	 1.909183 	 0.394762 
554 	 130 	 1.917534 	 0.393944 
555 	 132 	 1.925908 	 0.394427 
556 	 138 	 1.939535 	 0.393634 
557 	 143 	 1.963053 	 0.395550 
558 	 149 	 1.993929 	 0.398471 
559 	 150 	 2.004531 	 0.400055 
560 	 152 	 2.022514 	 0.402580 
561 	 151 	 2.035533 	 0.405705 
562 	 148 	 2.049188 	 0.410066 
563 	 138 	 2.055566 	 0.417183 
564 	 134 	 2.059187 	 0.420428 
565 	 134 	 2.064733 	 0.421560 
566 	 134 	 2.069363 	 0.422505 
567 	 133 	 2.076588 	 0.424630 
568 	 129 	 2.081384 	 0.428285 
569 	 126 	 2.091286 	 0.432416 
570 	 128 	 2.101001 	 0.433015 
571 	 128 	 2.114705 	 0.435839 
572 	 128 	 2.122927 	 0.437534 
573 	 130 	 2.134211 	 0.438458 
574 	 131 	 2.134442 	 0.437816 
575 	 132 	 2.131092 	 0.436449 
576 	 128 	 2.121571 	 0.437254 
577 	 129 	 2.115171 	 0.435237 
578 	 132 	 2.104384 	 0.430979 
579 	 135 	 2.095210 	 0.427134 
580 	 133 	 2.089767 	 0.427325 
581 	 137 	 2.083028 	 0.423381 
582 	 135 	 2.077716 	 0.423568 
583 	 133 	 2.074565 	 0.424216 
584 	 134 	 2.072597 	 0.423166 
585 	 131 	 2.069587 	 0.424514 
586 	 125 	 2.066560 	 0.428009 
587 	 125 	 2.064334 	 0.427548 
588 	 124 	 2.059105 	 0.427175 
589 	 126 	 2.052704 	 0.424438 
590 	 130 	 2.040503 	 0.419207 
591 	 132 	 2.018551 	 0.413400 
592 	 134 	 1.987261 	 0.405742 
593 	 134 	 1.956816 	 0.399526 
594 	 132 	 1.907066 	 0.390568 
595 	 134 	 1.881731 	 0.384196 
596 	 133 	 1.842291 	 0.376720 
597 	 136 	 1.802842 	 0.366979 
598 	 134 	 1.758161 	 0.358967 
599 	 137 	 1.740901 	 0.353843 
600 	 136 	 1.698337 	 0.345707 
601 	 136 	 1.675483 	 0.341054 
602 	 137 	 1.650961 	 0.335563 
603 	 136 	 1.618668 	 0.329490 
604 	 136 	 1.568820 	 0.319343 
605 	 138 	 1.555012 	 0.315594 
606 	 135 	 1.519854 	 0.309841 
607 	 137 	 1.483787 	 0.301584 
608 	 134 	 1.436180 	 0.293227 
609 	 135 	 1.419582 	 0.289399 
610 	 138 	 1.411571 	 0.286482 
611 	 144 	 1.428602 	 0.287456 
612 	 147 	 1.491009 	 0.298773 
613 	 130 	 1.663791 	 0.341814 
614 	 131 	 1.740405 	 0.356992 
615 	 134 	 1.942426 	 0.396588 
616 	 139 	 2.024347 	 0.410246 
617 	 149 	 2.107548 	 0.421177 
618 	 155 	 2.158215 	 0.427926 
619 	 157 	 2.192442 	 0.433611 
620 	 160 	 2.202806 	 0.434036 
621 	 158 	 2.218230 	 0.438161 
622 	 153 	 2.230720 	 0.443445 
623 	 151 	 2.233922 	 0.445246 
624 	 151 	 2.239669 	 0.446391 
625 	 131 	 2.248385 	 0.461189 
626 	 130 	 2.252710 	 0.462803 
627 	 127 	 2.257976 	 0.466121 
628 	 126 	 2.264665 	 0.468266 
629 	 126 	 2.269823 	 0.469332 
630 	 123 	 2.278555 	 0.473497 
631 	 124 	 2.283748 	 0.473779 
632 	 125 	 2.290665 	 0.474423 
633 	 127 	 2.310401 	 0.476943 
634 	 128 	 2.331493 	 0.480519 
635 	 129 	 2.335036 	 0.480479 
636 	 131 	 2.369250 	 0.485980 
637 	 134 	 2.388605 	 0.487685 
638 	 138 	 2.406789 	 0.488465 
639 	 142 	 2.415353 	 0.487376 
640 	 145 	 2.408636 	 0.483979 
641 	 137 	 2.386973 	 0.485159 
642 	 139 	 2.369851 	 0.480264 
643 	 142 	 2.348786 	 0.473944 
644 	 142 	 2.341697 	 0.472514 
645 	 139 	 2.330196 	 0.472228 
646 	 136 	 2.321063 	 0.472466 
647 	 128 	 2.312975 	 0.476702 
648 	 125 	 2.305348 	 0.477464 
649 	 123 	 2.297646 	 0.477464 
650 	 117 	 2.289502 	 0.480768 
651 	 116 	 2.279149 	 0.479458 
652 	 116 	 2.261240 	 0.475691 
653 	 114 	 2.257390 	 0.476625 
654 	 111 	 2.241685 	 0.475989 
655 	 109 	 2.222280 	 0.473698 
656 	 109 	 2.189087 	 0.466622 
657 	 111 	 2.162598 	 0.459196 
658 	 111 	 2.143322 	 0.455103 
659 	 114 	 2.113339 	 0.446210 
660 	 117 	 2.087145 	 0.438276 
661 	 120 	 2.071925 	 0.432779 
662 	 125 	 2.064863 	 0.427657 
663 	 127 	 2.054016 	 0.424017 
664 	 126 	 2.028823 	 0.419501 
665 	 127 	 2.012946 	 0.415539 
666 	 128 	 1.979712 	 0.408017 
667 	 130 	 1.948876 	 0.400383 
668 	 132 	 1.918378 	 0.392885 
669 	 129 	 1.884361 	 0.387744 
670 	 129 	 1.878613 	 0.386561 
671 	 126 	 1.859712 	 0.384533 
672 	 118 	 1.849818 	 0.387747 
673 	 115 	 1.839906 	 0.387762 
674 	 110 	 1.830798 	 0.389492 
675 	 111 	 1.823618 	 0.387219 
676 	 112 	 1.817518 	 0.385190 
677 	 108 	 1.805900 	 0.385700 
678 	 107 	 1.795835 	 0.384314 
679 	 107 	 1.771372 	 0.379079 
680 	 106 	 1.749450 	 0.375142 
681 	 106 	 1.717020 	 0.368188 
682 	 109 	 1.703528 	 0.363121 
683 	 110 	 1.670338 	 0.355355 
684 	 113 	 1.636305 	 0.346133 
685 	 117 	 1.616380 	 0.339421 
686 	 118 	 1.612317 	 0.337963 
687 	 124 	 1.635892 	 0.339377 
688 	 127 	 1.664424 	 0.343592 
689 	 134 	 1.705965 	 0.348310 
690 	 141 	 1.733129 	 0.350215 
691 	 141 	 1.734319 	 0.350455 
692 	 145 	 1.729902 	 0.347598 
693 	 147 	 1.721936 	 0.345048 
694 	 146 	 1.717233 	 0.344576 
695 	 147 	 1.715505 	 0.343759 
696 	 141 	 1.715435 	 0.346639 
697 	 138 	 1.715188 	 0.348102 
698 	 140 	 1.713241 	 0.346695 
699 	 141 	 1.716485 	 0.346852 
700 	 142 	 1.763782 	 0.355901 
701 	 141 	 1.868170 	 0.377503 
702 	 141 	 1.947848 	 0.393603 
703 	 150 	 2.007306 	 0.400609 
704 	 151 	 2.003758 	 0.399371 
705 	 154 	 1.988616 	 0.394805 
706 	 150 	 1.979949 	 0.395149 
707 	 147 	 1.978335 	 0.396426 
708 	 129 	 1.992058 	 0.409904 
709 	 129 	 2.010151 	 0.413627 
710 	 129 	 2.016535 	 0.414941 
711 	 130 	 2.046763 	 0.420493 
712 	 125 	 2.094475 	 0.433790 
713 	 126 	 2.140734 	 0.442640 
714 	 126 	 2.150952 	 0.444753 
715 	 131 	 2.126371 	 0.436161 
716 	 132 	 2.075991 	 0.425164 
717 	 134 	 2.046032 	 0.417742 
718 	 136 	 2.011153 	 0.409382 
719 	 136 	 2.003140 	 0.407751 
720 	 130 	 1.993272 	 0.409503 
721 	 122 	 1.990791 	 0.414401 
722 	 122 	 1.991727 	 0.414596 
723 	 122 	 2.005468 	 0.417456 
724 	 120 	 2.050173 	 0.428235 
725 	 120 	 2.094290 	 0.437450 
726 	 118 	 2.174889 	 0.455886 
727 	 120 	 2.186115 	 0.456630 
728 	 126 	 2.143675 	 0.443249 
729 	 128 	 2.089943 	 0.430736 
730 	 130 	 2.054668 	 0.422117 
731 	 132 	 2.043660 	 0.418542 
732 	 132 	 2.040149 	 0.417823 
733 	 120 	 2.033657 	 0.424785 
734 	 120 	 2.026407 	 0.423271 
735 	 118 	 2.014681 	 0.422304 
736 	 119 	 2.007452 	 0.420046 
737 	 117 	 1.985668 	 0.416967 
738 	 116 	 1.936713 	 0.407421 
739 	 116 	 1.913642 	 0.402568 
740 	 114 	 1.880617 	 0.397073 
741 	 115 	 1.862139 	 0.392448 
742 	 117 	 1.882577 	 0.395319 
743 	 120 	 2.000615 	 0.417884 
744 	 119 	 2.111250 	 0.441765 
745 	 119 	 2.228058 	 0.466206 
746 	 122 	 2.236506 	 0.465549 
747 	 125 	 2.196172 	 0.454853 
748 	 128 	 2.173259 	 0.447907 
749 	 121 	 2.180758 	 0.454723 
750 	 116 	 2.208924 	 0.464685 
751 	 115 	 2.233365 	 0.470684 
752 	 113 	 2.298488 	 0.486207 
753 	 115 	 2.380382 	 0.501668 
754 	 117 	 2.400981 	 0.504178 
755 	 124 	 2.341796 	 0.485821 
756 	 128 	 2.284094 	 0.470750 
757 	 132 	 2.247584 	 0.460306 
758 	 133 	 2.236126 	 0.457253 
759 	 125 	 2.233579 	 0.462600 
760 	 119 	 2.236874 	 0.468051 
761 	 115 	 2.245156 	 0.473169 
762 	 109 	 2.265976 	 0.483012 
763 	 106 	 2.304285 	 0.494117 
764 	 107 	 2.364876 	 0.506091 
765 	 108 	 2.398088 	 0.512179 
766 	 112 	 2.418367 	 0.512529 
767 	 119 	 2.386631 	 0.499387 
768 	 123 	 2.267986 	 0.471301 
769 	 127 	 2.132996 	 0.440321 
770 	 129 	 2.085149 	 0.429060 
771 	 128 	 2.049614 	 0.422424 
772 	 122 	 2.036159 	 0.423845 
773 	 116 	 2.029495 	 0.426939 
774 	 117 	 2.027304 	 0.425710 
775 	 111 	 2.031208 	 0.431297 
776 	 106 	 2.043716 	 0.438242 
777 	 106 	 2.056515 	 0.440987 
778 	 104 	 2.097887 	 0.451703 
779 	 103 	 2.165208 	 0.467170 
780 	 102 	 2.210677 	 0.477987 
781 	 107 	 2.163456 	 0.462986 
782 	 112 	 2.016872 	 0.427439 
783 	 117 	 1.899179 	 0.398805 
784 	 123 	 1.805388 	 0.375170 
785 	 120 	 1.719346 	 0.359133 
786 	 117 	 1.683876 	 0.353594 
787 	 116 	 1.660322 	 0.349277 
788 	 107 	 1.635145 	 0.349926 
789 	 101 	 1.614729 	 0.349878 
790 	 97 	 1.594071 	 0.348453 
791 	 93 	 1.574432 	 0.347358 
792 	 92 	 1.547446 	 0.342220 
793 	 93 	 1.534743 	 0.338601 
794 	 87 	 1.509746 	 0.338060 
795 	 85 	 1.491146 	 0.335643 
796 	 85 	 1.497878 	 0.337158 
797 	 82 	 1.554918 	 0.352852 
798 	 82 	 1.681737 	 0.381630 
799 	 81 	 1.853801 	 0.421851 
800 	 84 	 1.854030 	 0.418440 
801 	 94 	 1.752271 	 0.385683 
802 	 108 	 1.707149 	 0.364609 
803 	 113 	 1.717267 	 0.363259 
804 	 114 	 1.734015 	 0.366120 
805 	 117 	 1.742516 	 0.365908 
806 	 122 	 1.741903 	 0.362593 
807 	 124 	 1.731409 	 0.359192 
808 	 122 	 1.716139 	 0.357230 
809 	 122 	 1.712980 	 0.356572 
810 	 122 	 1.701694 	 0.354223 
811 	 122 	 1.694910 	 0.352811 
812 	 106 	 1.682391 	 0.360762 
813 	 103 	 1.679503 	 0.362374 
814 	 99 	 1.672458 	 0.363964 
815 	 92 	 1.662944 	 0.367762 
816 	 90 	 1.654938 	 0.367780 
817 	 90 	 1.653978 	 0.367566 
818 	 87 	 1.654171 	 0.370400 
819 	 86 	 1.672471 	 0.375469 
820 	 89 	 1.697007 	 0.378067 
821 	 86 	 1.747075 	 0.392218 
822 	 88 	 1.755158 	 0.392009 
823 	 93 	 1.702452 	 0.375602 
824 	 101 	 1.674480 	 0.362825 
825 	 105 	 1.719114 	 0.369387 
826 	 107 	 1.789642 	 0.382989 
827 	 113 	 1.800014 	 0.380763 
828 	 122 	 1.759723 	 0.366302 
829 	 128 	 1.738434 	 0.358290 
830 	 130 	 1.733660 	 0.356168 
831 	 128 	 1.748526 	 0.360370 
832 	 115 	 1.781178 	 0.375385 
833 	 111 	 1.866616 	 0.396349 
834 	 110 	 1.873595 	 0.398596 
835 	 109 	 2.003593 	 0.427083 
836 	 115 	 2.099968 	 0.442571 
837 	 114 	 2.195869 	 0.463635 
838 	 113 	 2.218656 	 0.469320 
839 	 113 	 2.253642 	 0.476720 
840 	 116 	 2.258369 	 0.475087 
841 	 119 	 2.268740 	 0.474719 
842 	 116 	 2.280503 	 0.479743 
843 	 116 	 2.293114 	 0.482396 
844 	 111 	 2.303409 	 0.489095 
845 	 111 	 2.311292 	 0.490769 
846 	 106 	 2.318669 	 0.497202 
847 	 105 	 2.322935 	 0.499131 
848 	 106 	 2.316771 	 0.496794 
849 	 106 	 2.286537 	 0.490311 
850 	 109 	 2.274596 	 0.484849 
851 	 111 	 2.245211 	 0.476738 
852 	 117 	 2.217403 	 0.465628 
853 	 118 	 2.193020 	 0.459687 
854 	 116 	 2.168212 	 0.456121 
855 	 114 	 2.150560 	 0.454069 
856 	 106 	 2.129234 	 0.456580 
857 	 105 	 2.127769 	 0.457195 
858 	 101 	 2.115218 	 0.458323 
859 	 97 	 2.103729 	 0.459860 
860 	 95 	 2.093639 	 0.459749 
861 	 91 	 2.082251 	 0.461608 
862 	 91 	 2.080326 	 0.461182 
863 	 91 	 2.072493 	 0.459445 
864 	 91 	 2.057102 	 0.456033 
865 	 92 	 2.000581 	 0.442431 
866 	 99 	 1.907788 	 0.415177 
867 	 103 	 1.820925 	 0.392887 
868 	 102 	 1.769043 	 0.382498 
869 	 107 	 1.714911 	 0.366996 
870 	 107 	 1.699421 	 0.363681 
871 	 99 	 1.689298 	 0.367629 
872 	 99 	 1.682932 	 0.366243 
873 	 94 	 1.676841 	 0.369080 
874 	 88 	 1.671569 	 0.373340 
875 	 84 	 1.666520 	 0.376120 
876 	 82 	 1.661267 	 0.376985 
877 	 78 	 1.655381 	 0.379961 
878 	 74 	 1.648348 	 0.382975 
879 	 73 	 1.639480 	 0.382122 
880 	 70 	 1.632061 	 0.384150 
881 	 70 	 1.617842 	 0.380804 
882 	 69 	 1.598459 	 0.377520 
883 	 71 	 1.572951 	 0.369005 
884 	 72 	 1.503959 	 0.351666 
885 	 73 	 1.472546 	 0.343214 
886 	 77 	 1.388643 	 0.319684 
887 	 81 	 1.331292 	 0.302949 
888 	 96 	 1.157635 	 0.253626 
889 	 101 	 1.058209 	 0.229292 
890 	 105 	 0.962320 	 0.206775 
891 	 109 	 0.891240 	 0.189975 
892 	 111 	 0.867301 	 0.184159 
893 	 114 	 0.855767 	 0.180687 
894 	 102 	 0.838086 	 0.181209 
895 	 96 	 0.832050 	 0.182293 
896 	 92 	 0.826275 	 0.182732 
897 	 84 	 0.821608 	 0.185430 
898 	 81 	 0.818940 	 0.186358 
899 	 79 	 0.817727 	 0.187146 
900 	 77 	 0.831741 	 0.191478 
901 	 71 	 0.870580 	 0.204233 
902 	 67 	 0.968560 	 0.230352 
903 	 67 	 1.088781 	 0.258944 
904 	 64 	 1.279729 	 0.307710 
905 	 70 	 1.440186 	 0.338987 
906 	 79 	 1.420326 	 0.325058 
907 	 93 	 1.306957 	 0.288346 
908 	 101 	 1.253044 	 0.271508 
909 	 101 	 1.222402 	 0.264869 
910 	 99 	 1.213272 	 0.264035 
911 	 88 	 1.202971 	 0.268680 
912 	 86 	 1.201568 	 0.269752 
913 	 76 	 1.192873 	 0.275444 
914 	 71 	 1.187815 	 0.278654 
915 	 67 	 1.182203 	 0.281163 
916 	 68 	 1.181306 	 0.279963 
917 	 65 	 1.174945 	 0.281465 
918 	 65 	 1.167967 	 0.279794 
919 	 62 	 1.164727 	 0.282212 
920 	 63 	 1.183974 	 0.285768 
921 	 65 	 1.235213 	 0.295903 
922 	 68 	 1.323381 	 0.313634 
923 	 68 	 1.494514 	 0.354192 
924 	 75 	 1.508258 	 0.349337 
925 	 78 	 1.309613 	 0.300597 
926 	 91 	 1.127560 	 0.249966 
927 	 97 	 1.064339 	 0.232657 
928 	 98 	 1.058136 	 0.230784 
929 	 97 	 1.062142 	 0.232177 
930 	 91 	 1.090024 	 0.241644 
931 	 86 	 1.131939 	 0.254120 
932 	 85 	 1.125440 	 0.253326 
933 	 86 	 1.098674 	 0.246652 
934 	 90 	 1.033048 	 0.229576 
935 	 94 	 0.966866 	 0.212812 
936 	 93 	 0.935302 	 0.206350 
937 	 94 	 0.924822 	 0.203557 
938 	 94 	 0.912517 	 0.200849 
939 	 83 	 0.910269 	 0.205997 
940 	 78 	 0.920763 	 0.211344 
941 	 73 	 0.981531 	 0.228771 
942 	 72 	 0.987973 	 0.231015 
943 	 71 	 1.143555 	 0.268271 
944 	 75 	 1.349202 	 0.312497 
945 	 80 	 1.442830 	 0.329261 
946 	 87 	 1.393445 	 0.312018 
947 	 93 	 1.341550 	 0.295978 
948 	 95 	 1.323262 	 0.290579 
949 	 95 	 1.316551 	 0.289106 
950 	 86 	 1.313405 	 0.294859 
951 	 82 	 1.313765 	 0.298128 
952 	 78 	 1.316728 	 0.302230 
953 	 78 	 1.319088 	 0.302772 
954 	 79 	 1.324484 	 0.303124 
955 	 75 	 1.334491 	 0.309090 
956 	 76 	 1.344170 	 0.310379 
957 	 74 	 1.326784 	 0.308263 
958 	 74 	 1.283088 	 0.298111 
959 	 77 	 1.240337 	 0.285542 
960 	 78 	 1.241513 	 0.284966 
961 	 80 	 1.265475 	 0.288788 
962 	 84 	 1.273446 	 0.287407 
963 	 91 	 1.223555 	 0.271247 
964 	 93 	 1.185433 	 0.261535 
965 	 94 	 1.156279 	 0.254502 
966 	 92 	 1.146014 	 0.253443 
967 	 85 	 1.143766 	 0.257451 
968 	 80 	 1.143396 	 0.260929 
969 	 79 	 1.143943 	 0.261805 
970 	 78 	 1.144945 	 0.262800 
971 	 75 	 1.146972 	 0.265657 
972 	 71 	 1.151066 	 0.270033 
973 	 66 	 1.156041 	 0.275928 
974 	 62 	 1.180907 	 0.286133 
975 	 62 	 1.191977 	 0.288815 
976 	 61 	 1.236463 	 0.300779 
977 	 58 	 1.317483 	 0.324468 
978 	 57 	 1.453577 	 0.359525 
979 	 56 	 1.706513 	 0.423941 
980 	 54 	 1.931347 	 0.484170 
981 	 58 	 2.069063 	 0.509566 
982 	 59 	 2.144109 	 0.525834 
983 	 65 	 2.148248 	 0.514626 
984 	 72 	 2.132379 	 0.498608 
985 	 83 	 2.065419 	 0.467412 
986 	 91 	 1.979362 	 0.438799 
987 	 99 	 1.887109 	 0.410677 
988 	 106 	 1.847030 	 0.396066 
989 	 110 	 1.838665 	 0.391165 
990 	 107 	 1.852873 	 0.396521 
991 	 103 	 1.868974 	 0.403254 
992 	 101 	 1.872318 	 0.405692 
993 	 100 	 1.886393 	 0.409625 
994 	 99 	 1.902736 	 0.414077 
995 	 100 	 1.903360 	 0.413309 
996 	 100 	 1.911676 	 0.415115 
997 	 101 	 1.923635 	 0.416812 
998 	 102 	 1.942568 	 0.420017 
999 	 98 	 1.994080 	 0.434917 
1000 	 92 	 2.027034 	 0.448281 
1001 	 88 	 2.104646 	 0.470066 
1002 	 86 	 2.221070 	 0.498630 
1003 	 85 	 2.305403 	 0.518925 
1004 	 84 	 2.384723 	 0.538213 
1005 	 82 	 2.481664 	 0.563155 
1006 	 82 	 2.474186 	 0.561458 
1007 	 86 	 2.384015 	 0.535211 
1008 	 91 	 2.308736 	 0.511817 
1009 	 95 	 2.261610 	 0.496634 
1010 	 99 	 2.279124 	 0.495988 
1011 	 103 	 2.319558 	 0.500473 
1012 	 108 	 2.305089 	 0.492316 
1013 	 113 	 2.206105 	 0.466665 
1014 	 117 	 2.114388 	 0.443996 
1015 	 113 	 2.073804 	 0.438679 
1016 	 116 	 2.077060 	 0.436945 
1017 	 119 	 2.084877 	 0.436247 
1018 	 120 	 2.079305 	 0.434320 
1019 	 119 	 2.062770 	 0.431621 
1020 	 120 	 2.047736 	 0.427726 
1021 	 118 	 2.036967 	 0.426976 
1022 	 120 	 2.035828 	 0.425239 
1023 	 121 	 2.046124 	 0.426650 
1024 	 113 	 2.072620 	 0.438428 
1025 	 112 	 2.083811 	 0.441626 
1026 	 115 	 2.082815 	 0.438956 
1027 	 113 	 2.065443 	 0.436910 
1028 	 111 	 2.046402 	 0.434524 
1029 	 108 	 2.037601 	 0.435187 
1030 	 104 	 2.040488 	 0.439345 
1031 	 101 	 2.051352 	 0.444485 
1032 	 99 	 2.065995 	 0.449606 
1033 	 97 	 2.084293 	 0.455612 
1034 	 94 	 2.126559 	 0.468065 
1035 	 94 	 2.164922 	 0.476509 
1036 	 88 	 2.201225 	 0.491637 
1037 	 91 	 2.065786 	 0.457958 
1038 	 94 	 1.738699 	 0.382696 
1039 	 103 	 1.418043 	 0.305960 
1040 	 109 	 1.340264 	 0.285689 
1041 	 112 	 1.362021 	 0.288656 
1042 	 111 	 1.389974 	 0.295141 
1043 	 107 	 1.408000 	 0.301316 
1044 	 116 	 1.389701 	 0.292348 
1045 	 117 	 1.395926 	 0.293128 
1046 	 118 	 1.460403 	 0.306120 
1047 	 118 	 1.600583 	 0.335504 
1048 	 115 	 1.681848 	 0.354451 
1049 	 118 	 1.693622 	 0.355006 
1050 	 123 	 1.639690 	 0.340737 
1051 	 129 	 1.594516 	 0.328102 
1052 	 130 	 1.570972 	 0.322745 
1053 	 117 	 1.558298 	 0.327224 
1054 	 111 	 1.554657 	 0.330109 
1055 	 101 	 1.552494 	 0.336393 
1056 	 99 	 1.551452 	 0.337630 
1057 	 96 	 1.551636 	 0.339947 
1058 	 96 	 1.552791 	 0.340200 
1059 	 94 	 1.563500 	 0.344133 
1060 	 90 	 1.589093 	 0.353147 
1061 	 90 	 1.602542 	 0.356136 
1062 	 84 	 1.686769 	 0.380690 
1063 	 84 	 1.753785 	 0.395815 
1064 	 88 	 1.593812 	 0.355973 
1065 	 102 	 1.233779 	 0.266765 
1066 	 111 	 1.037808 	 0.220363 
1067 	 116 	 0.984482 	 0.207103 
1068 	 108 	 0.984303 	 0.210225 
1069 	 108 	 0.986211 	 0.210633 
1070 	 100 	 1.077720 	 0.234024 
1071 	 100 	 1.209457 	 0.262630 
1072 	 98 	 1.401433 	 0.305658 
1073 	 107 	 1.527793 	 0.326953 
1074 	 113 	 1.551786 	 0.328254 
1075 	 112 	 1.546299 	 0.327710 
1076 	 113 	 1.578102 	 0.333821 
1077 	 111 	 1.632919 	 0.346727 
1078 	 112 	 1.704893 	 0.361321 
1079 	 121 	 1.669465 	 0.348111 
1080 	 129 	 1.520451 	 0.312862 
1081 	 134 	 1.432729 	 0.292523 
1082 	 133 	 1.393373 	 0.284923 
1083 	 127 	 1.387773 	 0.286482 
1084 	 125 	 1.390994 	 0.288091 
1085 	 121 	 1.409015 	 0.293802 
1086 	 119 	 1.474255 	 0.308478 
1087 	 116 	 1.535933 	 0.323110 
1088 	 117 	 1.562374 	 0.328080 
1089 	 124 	 1.532426 	 0.317912 
1090 	 129 	 1.403316 	 0.288759 
1091 	 132 	 1.329037 	 0.272187 
1092 	 136 	 1.328721 	 0.270469 
1093 	 136 	 1.391268 	 0.283201 
1094 	 132 	 1.526681 	 0.312665 
1095 	 133 	 1.656127 	 0.338652 
1096 	 137 	 1.659036 	 0.337204 
1097 	 138 	 1.622520 	 0.329295 
1098 	 128 	 1.590780 	 0.327859 
1099 	 130 	 1.582998 	 0.325216 
1100 	 128 	 1.581041 	 0.325851 
1101 	 116 	 1.582356 	 0.332876 
1102 	 112 	 1.591187 	 0.337223 
1103 	 109 	 1.610456 	 0.343282 
1104 	 107 	 1.667154 	 0.356776 
1105 	 106 	 1.711962 	 0.367103 
1106 	 109 	 1.649289 	 0.351560 
1107 	 119 	 1.423059 	 0.297766 
1108 	 123 	 1.299299 	 0.270002 
1109 	 122 	 1.236392 	 0.257366 
1110 	 121 	 1.238414 	 0.258229 
1111 	 117 	 1.291822 	 0.271267 
1112 	 115 	 1.358433 	 0.286291 
1113 	 112 	 1.567074 	 0.332113 
1114 	 120 	 1.856327 	 0.387745 
1115 	 126 	 2.017887 	 0.417239 
1116 	 135 	 2.036313 	 0.415127 
1117 	 138 	 2.037497 	 0.413516 
1118 	 138 	 2.042549 	 0.414541 
1119 	 127 	 2.048381 	 0.422853 
1120 	 119 	 2.058398 	 0.430706 
1121 	 115 	 2.065008 	 0.435203 
1122 	 109 	 2.076509 	 0.442625 
1123 	 103 	 2.114317 	 0.456190 
1124 	 100 	 2.150138 	 0.466897 
1125 	 98 	 2.234089 	 0.487264 
1126 	 99 	 2.350416 	 0.511503 
1127 	 99 	 2.247686 	 0.489146 
1128 	 106 	 2.002286 	 0.429358 
1129 	 112 	 1.811874 	 0.383994 
1130 	 113 	 1.753287 	 0.370879 
1131 	 115 	 1.764789 	 0.371931 
1132 	 108 	 1.796546 	 0.383703 
1133 	 105 	 1.874302 	 0.402733 
1134 	 104 	 2.030876 	 0.437275 
1135 	 102 	 2.130219 	 0.460591 
1136 	 106 	 2.202057 	 0.472196 
1137 	 116 	 2.068689 	 0.435185 
1138 	 125 	 1.819036 	 0.376744 
1139 	 133 	 1.661938 	 0.339840 
1140 	 137 	 1.617865 	 0.328836 
1141 	 136 	 1.618634 	 0.329483 
1142 	 130 	 1.645302 	 0.338016 
1143 	 132 	 1.638910 	 0.335649 
1144 	 136 	 1.582316 	 0.322090 
1145 	 140 	 1.440996 	 0.291603 
1146 	 143 	 1.358168 	 0.273667 
1147 	 141 	 1.315328 	 0.265790 
1148 	 140 	 1.299765 	 0.263023 
1149 	 133 	 1.296659 	 0.265147 
1150 	 130 	 1.305239 	 0.268152 
1151 	 124 	 1.319500 	 0.273739 
1152 	 116 	 1.363748 	 0.286888 
1153 	 115 	 1.389611 	 0.292862 
1154 	 114 	 1.419137 	 0.299636 
1155 	 107 	 1.496433 	 0.320241 
1156 	 106 	 1.559664 	 0.334445 
1157 	 106 	 1.632908 	 0.350151 
1158 	 104 	 1.675278 	 0.360710 
1159 	 100 	 1.735013 	 0.376753 
1160 	 98 	 1.793500 	 0.391170 
1161 	 97 	 1.811429 	 0.395966 
1162 	 97 	 1.832512 	 0.400574 
1163 	 96 	 1.834252 	 0.401865 
1164 	 94 	 1.839168 	 0.404809 
1165 	 94 	 1.854744 	 0.408238 
1166 	 91 	 1.885485 	 0.417988 
1167 	 92 	 1.915516 	 0.423619 
1168 	 89 	 1.949982 	 0.434426 
1169 	 92 	 1.793050 	 0.396535 
1170 	 99 	 1.348277 	 0.293415 
1171 	 112 	 0.984577 	 0.208663 
1172 	 121 	 0.869524 	 0.181310 
1173 	 124 	 0.895636 	 0.185806 
1174 	 124 	 0.996691 	 0.206770 
1175 	 120 	 1.121160 	 0.234185 
1176 	 116 	 1.250513 	 0.263067 
1177 	 115 	 1.331080 	 0.280527 
1178 	 121 	 1.365978 	 0.284829 
1179 	 124 	 1.407922 	 0.292083 
1180 	 125 	 1.448116 	 0.299922 
1181 	 123 	 1.478608 	 0.307263 
1182 	 122 	 1.486775 	 0.309486 
1183 	 119 	 1.484170 	 0.310553 
1184 	 117 	 1.479922 	 0.310766 
1185 	 118 	 1.479027 	 0.310024 
1186 	 108 	 1.485003 	 0.317164 
1187 	 105 	 1.512722 	 0.325040 
1188 	 102 	 1.626333 	 0.351642 
1189 	 102 	 1.708435 	 0.369394 
1190 	 106 	 1.639408 	 0.351545 
1191 	 121 	 1.411245 	 0.294268 
1192 	 133 	 1.208635 	 0.247147 
1193 	 138 	 1.132221 	 0.229787 
1194 	 134 	 1.111083 	 0.226852 
1195 	 133 	 1.109809 	 0.226939 
1196 	 126 	 1.113566 	 0.230253 
1197 	 125 	 1.116449 	 0.231230 
1198 	 123 	 1.140418 	 0.236985 
1199 	 116 	 1.196968 	 0.251803 
1200 	 108 	 1.294829 	 0.276547 
1201 	 104 	 1.447838 	 0.311739 
1202 	 109 	 1.392286 	 0.296777 
1203 	 122 	 1.143358 	 0.238000 
1204 	 128 	 0.994609 	 0.204988 
1205 	 130 	 0.933271 	 0.191734 
1206 	 124 	 0.942779 	 0.195586 
1207 	 119 	 0.983578 	 0.205807 
1208 	 118 	 1.005177 	 0.210699 
1209 	 117 	 1.113715 	 0.233867 
1210 	 115 	 1.277546 	 0.269244 
1211 	 117 	 1.407151 	 0.295485 
1212 	 114 	 1.411319 	 0.297986 
1213 	 118 	 1.380096 	 0.289287 
1214 	 115 	 1.370812 	 0.288900 
1215 	 106 	 1.399636 	 0.300130 
1216 	 104 	 1.424428 	 0.306698 
1217 	 100 	 1.483145 	 0.322061 
1218 	 95 	 1.578950 	 0.346727 
1219 	 95 	 1.724264 	 0.378636 
1220 	 93 	 1.927016 	 0.425146 
1221 	 93 	 2.048317 	 0.451908 
1222 	 101 	 1.998023 	 0.432930 
1223 	 110 	 1.939007 	 0.412512 
1224 	 118 	 2.002469 	 0.419745 
1225 	 122 	 2.165862 	 0.450843 
1226 	 125 	 2.330541 	 0.482682 
1227 	 122 	 2.476991 	 0.515608 
1228 	 124 	 2.546540 	 0.528297 
1229 	 123 	 2.572741 	 0.534631 
1230 	 123 	 2.585433 	 0.537268 
1231 	 114 	 2.592955 	 0.547476 
1232 	 109 	 2.595847 	 0.553327 
1233 	 106 	 2.598666 	 0.557242 
1234 	 103 	 2.602526 	 0.561527 
1235 	 102 	 2.609429 	 0.564204 
1236 	 103 	 2.612915 	 0.563769 
1237 	 95 	 2.616209 	 0.574501 
1238 	 95 	 2.610079 	 0.573155 
1239 	 91 	 2.578918 	 0.571713 
1240 	 91 	 2.531710 	 0.561248 
1241 	 87 	 2.485653 	 0.556584 
1242 	 89 	 2.459373 	 0.547911 
1243 	 89 	 2.445395 	 0.544797 
1244 	 88 	 2.465570 	 0.550678 
1245 	 89 	 2.499252 	 0.556795 
1246 	 91 	 2.620494 	 0.580930 
1247 	 94 	 2.614311 	 0.575422 
1248 	 100 	 2.317608 	 0.503262 
1249 	 112 	 2.057893 	 0.436133 
1250 	 114 	 1.951800 	 0.412103 
1251 	 117 	 1.937299 	 0.406810 
1252 	 119 	 1.961200 	 0.410368 
1253 	 115 	 2.029560 	 0.427732 
1254 	 118 	 2.141033 	 0.448789 
1255 	 121 	 2.194667 	 0.457624 
1256 	 128 	 2.167861 	 0.446795 
1257 	 136 	 2.100961 	 0.427663 
1258 	 137 	 2.069130 	 0.420556 
1259 	 142 	 2.053017 	 0.414263 
1260 	 147 	 2.027390 	 0.406255 
1261 	 142 	 1.988330 	 0.401211 
1262 	 145 	 1.967256 	 0.395291 
1263 	 142 	 1.981133 	 0.399758 
1264 	 141 	 2.038284 	 0.411878 
1265 	 137 	 2.108422 	 0.428543 
1266 	 143 	 2.074009 	 0.417907 
1267 	 147 	 1.962834 	 0.393319 
1268 	 153 	 1.883856 	 0.374492 
1269 	 153 	 1.857463 	 0.369245 
1270 	 148 	 1.854100 	 0.371027 
1271 	 136 	 1.862952 	 0.379215 
1272 	 131 	 1.885393 	 0.386732 
1273 	 127 	 1.943558 	 0.401214 
1274 	 126 	 2.016655 	 0.416985 
1275 	 121 	 2.109463 	 0.439857 
1276 	 122 	 2.153061 	 0.448179 
1277 	 130 	 2.112512 	 0.434000 
1278 	 132 	 2.062411 	 0.422383 
1279 	 129 	 2.109518 	 0.434074 
1280 	 134 	 2.270727 	 0.463618 
1281 	 139 	 2.429624 	 0.492378 
1282 	 138 	 2.537359 	 0.514964 
1283 	 138 	 2.582535 	 0.524133 
1284 	 137 	 2.595344 	 0.527511 
1285 	 128 	 2.615294 	 0.539010 
1286 	 119 	 2.662978 	 0.557211 
1287 	 112 	 2.726319 	 0.577794 
1288 	 112 	 2.782182 	 0.589633 
1289 	 110 	 2.716637 	 0.577949 
1290 	 110 	 2.577479 	 0.548344 
1291 	 115 	 2.490323 	 0.524839 
1292 	 118 	 2.443308 	 0.512150 
1293 	 112 	 2.430461 	 0.515092 
1294 	 101 	 2.427973 	 0.526091 
1295 	 99 	 2.430831 	 0.529003 
1296 	 94 	 2.442628 	 0.537634 
1297 	 91 	 2.477754 	 0.549286 
1298 	 91 	 2.515027 	 0.557549 
1299 	 93 	 2.499928 	 0.551544 
1300 	 93 	 2.145054 	 0.473250 
1301 	 109 	 1.593777 	 0.339727 
1302 	 121 	 1.304006 	 0.271906 
1303 	 122 	 1.207396 	 0.251330 
1304 	 124 	 1.182073 	 0.245229 
1305 	 116 	 1.195012 	 0.251392 
1306 	 114 	 1.266307 	 0.267368 
1307 	 107 	 1.367190 	 0.292583 
1308 	 111 	 1.517309 	 0.322178 
1309 	 117 	 1.538874 	 0.323145 
1310 	 120 	 1.440818 	 0.300955 
1311 	 125 	 1.374065 	 0.284585 
1312 	 124 	 1.370306 	 0.284279 
1313 	 120 	 1.381416 	 0.288547 
1314 	 111 	 1.441403 	 0.306061 
1315 	 109 	 1.488135 	 0.317208 
1316 	 111 	 1.557708 	 0.330757 
1317 	 110 	 1.615707 	 0.343732 
1318 	 110 	 1.636526 	 0.348161 
1319 	 110 	 1.633022 	 0.347416 
1320 	 113 	 1.653020 	 0.349669 
1321 	 110 	 1.712167 	 0.364254 
1322 	 112 	 1.783887 	 0.378062 
1323 	 110 	 1.787531 	 0.380287 
1324 	 115 	 1.701752 	 0.358646 
1325 	 117 	 1.614532 	 0.339032 
1326 	 119 	 1.592447 	 0.333209 
1327 	 117 	 1.607884 	 0.337637 
1328 	 110 	 1.664352 	 0.354081 
1329 	 106 	 1.726993 	 0.370326 
1330 	 107 	 1.802604 	 0.385763 
1331 	 112 	 1.803380 	 0.382194 
1332 	 110 	 1.755139 	 0.373396 
1333 	 113 	 1.675165 	 0.354353 
1334 	 116 	 1.636294 	 0.344223 
1335 	 118 	 1.618343 	 0.339227 
1336 	 115 	 1.621090 	 0.341647 
1337 	 110 	 1.630267 	 0.346830 
1338 	 109 	 1.641728 	 0.349948 
1339 	 105 	 1.650770 	 0.354702 
1340 	 105 	 1.657915 	 0.356238 
1341 	 104 	 1.660960 	 0.357627 
1342 	 103 	 1.663884 	 0.359004 
1343 	 99 	 1.666009 	 0.362561 
1344 	 96 	 1.668892 	 0.365636 
1345 	 93 	 1.671722 	 0.368822 
1346 	 93 	 1.677336 	 0.370060 
1347 	 89 	 1.688347 	 0.376138 
1348 	 90 	 1.700164 	 0.377830 
1349 	 91 	 1.725761 	 0.382579 
1350 	 84 	 1.769361 	 0.399331 
1351 	 81 	 1.838862 	 0.418451 
1352 	 81 	 1.955547 	 0.445004 
1353 	 81 	 2.027736 	 0.461431 
1354 	 81 	 2.007425 	 0.456809 
1355 	 83 	 1.802857 	 0.407993 
1356 	 84 	 1.655232 	 0.373573 
1357 	 88 	 1.433071 	 0.320072 
1358 	 91 	 1.328874 	 0.294594 
1359 	 97 	 1.266490 	 0.276846 
1360 	 97 	 1.258601 	 0.275121 
1361 	 94 	 1.279146 	 0.281546 
1362 	 92 	 1.305550 	 0.288724 
1363 	 86 	 1.392700 	 0.312661 
1364 	 84 	 1.411140 	 0.318483 
1365 	 83 	 1.467484 	 0.332097 
1366 	 83 	 1.487989 	 0.336737 
1367 	 82 	 1.538986 	 0.349236 
1368 	 82 	 1.565892 	 0.355342 
1369 	 82 	 1.611616 	 0.365718 
1370 	 85 	 1.721456 	 0.387484 
1371 	 87 	 1.747530 	 0.391305 
1372 	 86 	 1.825856 	 0.409904 
1373 	 88 	 1.837309 	 0.410357 
1374 	 89 	 1.750129 	 0.389902 
1375 	 89 	 1.680887 	 0.374476 
1376 	 92 	 1.632555 	 0.361042 
1377 	 94 	 1.622480 	 0.357115 
1378 	 95 	 1.656002 	 0.363647 
1379 	 93 	 1.769202 	 0.390328 
1380 	 89 	 1.894058 	 0.421967 
1381 	 90 	 1.829542 	 0.406582 
1382 	 94 	 1.606939 	 0.353695 
1383 	 100 	 1.443893 	 0.313537 
1384 	 100 	 1.388083 	 0.301418 
1385 	 102 	 1.376952 	 0.297721 
1386 	 94 	 1.385067 	 0.304860 
1387 	 93 	 1.405894 	 0.310174 
1388 	 89 	 1.455911 	 0.324355 
1389 	 89 	 1.547176 	 0.344687 
1390 	 91 	 1.650061 	 0.365797 
1391 	 94 	 1.599970 	 0.352161 
1392 	 106 	 1.393017 	 0.298710 
1393 	 112 	 1.263990 	 0.267880 
1394 	 113 	 1.236622 	 0.261587 
1395 	 112 	 1.249781 	 0.264868 
1396 	 101 	 1.298038 	 0.281258 
1397 	 101 	 1.419606 	 0.307599 
1398 	 104 	 1.510791 	 0.325294 
1399 	 109 	 1.519442 	 0.323882 
1400 	 120 	 1.409552 	 0.294424 
1401 	 129 	 1.311076 	 0.269779 
1402 	 130 	 1.281761 	 0.263329 
1403 	 126 	 1.294898 	 0.267747 
1404 	 125 	 1.319818 	 0.273350 
1405 	 119 	 1.353204 	 0.283149 
1406 	 115 	 1.387612 	 0.292441 
1407 	 112 	 1.416114 	 0.300120 
1408 	 107 	 1.447119 	 0.309688 
1409 	 102 	 1.468865 	 0.317594 
1410 	 97 	 1.487756 	 0.325213 
1411 	 90 	 1.508853 	 0.335315 
1412 	 88 	 1.528608 	 0.341410 
1413 	 86 	 1.539315 	 0.345576 
1414 	 81 	 1.556794 	 0.354264 
1415 	 76 	 1.580125 	 0.364863 
1416 	 76 	 1.588449 	 0.366785 
1417 	 74 	 1.601731 	 0.372144 
1418 	 71 	 1.626914 	 0.381665 
1419 	 69 	 1.650247 	 0.389751 
1420 	 69 	 1.669414 	 0.394278 
1421 	 67 	 1.715035 	 0.407886 
1422 	 66 	 1.753041 	 0.418421 
1423 	 63 	 1.800204 	 0.434503 
1424 	 63 	 1.828444 	 0.441319 
1425 	 62 	 1.877994 	 0.455036 
1426 	 60 	 1.925645 	 0.470318 
1427 	 58 	 1.963963 	 0.483682 
1428 	 58 	 1.981976 	 0.488118 
1429 	 56 	 1.977002 	 0.491138 
1430 	 54 	 1.943190 	 0.487139 
1431 	 54 	 1.842293 	 0.461845 
1432 	 52 	 1.667066 	 0.421909 
1433 	 52 	 1.629984 	 0.412524 
1434 	 52 	 1.512178 	 0.382709 
1435 	 52 	 1.408348 	 0.356432 
1436 	 52 	 1.318580 	 0.333713 
1437 	 55 	 1.244296 	 0.310505 
1438 	 55 	 1.230394 	 0.307036 
1439 	 55 	 1.234480 	 0.308055 
1440 	 56 	 1.240448 	 0.308159 
1441 	 56 	 1.258050 	 0.312532 
1442 	 56 	 1.278029 	 0.317495 
1443 	 56 	 1.285401 	 0.319326 
1444 	 56 	 1.282117 	 0.318511 
1445 	 57 	 1.269799 	 0.314070 
1446 	 56 	 1.247193 	 0.309835 
1447 	 55 	 1.223719 	 0.305370 
1448 	 54 	 1.205490 	 0.302205 
1449 	 55 	 1.183229 	 0.295266 
1450 	 55 	 1.167365 	 0.291307 
1451 	 55 	 1.156113 	 0.288499 
1452 	 55 	 1.149565 	 0.286865 
1453 	 52 	 1.148036 	 0.290550 
1454 	 51 	 1.149001 	 0.292231 
1455 	 52 	 1.156987 	 0.292816 
1456 	 49 	 1.171949 	 0.301131 
1457 	 49 	 1.205587 	 0.309775 
1458 	 50 	 1.246357 	 0.318597 
1459 	 49 	 1.303062 	 0.334821 
1460 	 47 	 1.496774 	 0.388758 
1461 	 47 	 1.593266 	 0.413820 
1462 	 46 	 1.546834 	 0.404016 
1463 	 48 	 1.207861 	 0.312012 
1464 	 49 	 0.873878 	 0.224542 
1465 	 52 	 0.698549 	 0.176792 
1466 	 62 	 0.521609 	 0.126385 
1467 	 64 	 0.520222 	 0.125087 
1468 	 70 	 0.692735 	 0.163054 
1469 	 70 	 0.789907 	 0.185926 
1470 	 73 	 0.880061 	 0.205121 
1471 	 81 	 0.821050 	 0.186838 
1472 	 88 	 0.741368 	 0.165582 
1473 	 93 	 0.716290 	 0.158031 
1474 	 88 	 0.733947 	 0.163925 
1475 	 77 	 0.929137 	 0.213899 
1476 	 76 	 0.953495 	 0.220169 
1477 	 79 	 1.137067 	 0.260231 
1478 	 85 	 1.133626 	 0.255169 
1479 	 97 	 1.078705 	 0.235797 
1480 	 98 	 1.054565 	 0.230005 
1481 	 100 	 1.049299 	 0.227852 
1482 	 94 	 1.055476 	 0.232315 
1483 	 91 	 1.064375 	 0.235958 
1484 	 86 	 1.088745 	 0.244423 
1485 	 81 	 1.135184 	 0.258322 
1486 	 79 	 1.240334 	 0.283865 
1487 	 82 	 1.308462 	 0.296924 
1488 	 81 	 1.370463 	 0.311862 
1489 	 83 	 1.322181 	 0.299214 
1490 	 87 	 1.233139 	 0.276123 
1491 	 88 	 1.158208 	 0.258682 
1492 	 85 	 1.140035 	 0.256611 
1493 	 84 	 1.138517 	 0.256954 
1494 	 79 	 1.147490 	 0.262617 
1495 	 78 	 1.157965 	 0.265789 
1496 	 76 	 1.178002 	 0.272010 
1497 	 74 	 1.222678 	 0.284075 
1498 	 65 	 1.325935 	 0.317636 
1499 	 65 	 1.367336 	 0.327554 
1500 	 65 	 1.488051 	 0.356472 
1501 	 64 	 1.518727 	 0.365177 
1502 	 69 	 1.492323 	 0.352453 
1503 	 69 	 1.391466 	 0.328633 
1504 	 72 	 1.260533 	 0.294747 
1505 	 73 	 1.213803 	 0.282907 
1506 	 75 	 1.207519 	 0.279681 
1507 	 73 	 1.261166 	 0.293947 
1508 	 74 	 1.408393 	 0.327224 
1509 	 77 	 1.634506 	 0.376284 
1510 	 74 	 1.748289 	 0.406195 
1511 	 80 	 1.744139 	 0.398021 
1512 	 84 	 1.690323 	 0.381492 
1513 	 85 	 1.656398 	 0.372840 
1514 	 84 	 1.651913 	 0.372824 
1515 	 82 	 1.657311 	 0.376087 
1516 	 75 	 1.694672 	 0.392513 
1517 	 72 	 1.738740 	 0.406564 
1518 	 68 	 1.816338 	 0.430462 
1519 	 66 	 1.990649 	 0.475134 
1520 	 68 	 1.991384 	 0.471947 
1521 	 77 	 1.838060 	 0.423145 
1522 	 84 	 1.660168 	 0.374687 
1523 	 86 	 1.592164 	 0.357440 
1524 	 87 	 1.630476 	 0.365094 
1525 	 88 	 1.719611 	 0.384070 
1526 	 89 	 1.812075 	 0.403703 
1527 	 100 	 1.719288 	 0.373339 
1528 	 113 	 1.573846 	 0.332921 
1529 	 114 	 1.532130 	 0.323494 
1530 	 113 	 1.515685 	 0.320618 
1531 	 107 	 1.518571 	 0.324979 
1532 	 104 	 1.535952 	 0.330711 
1533 	 92 	 1.568562 	 0.346890 
1534 	 88 	 1.611309 	 0.359881 
1535 	 84 	 1.674479 	 0.377916 
1536 	 78 	 1.733221 	 0.397828 
1537 	 76 	 1.782061 	 0.411492 
1538 	 76 	 1.824581 	 0.421310 
1539 	 73 	 1.949708 	 0.454429 
1540 	 74 	 2.000274 	 0.464741 
1541 	 71 	 2.129957 	 0.499676 
1542 	 76 	 2.170068 	 0.501085 
1543 	 80 	 2.111820 	 0.481928 
1544 	 91 	 2.058902 	 0.456432 
1545 	 93 	 2.041864 	 0.450484 
1546 	 91 	 2.054110 	 0.455370 
1547 	 84 	 2.094646 	 0.472745 
1548 	 72 	 2.148979 	 0.502489 
1549 	 70 	 2.184523 	 0.514188 
1550 	 70 	 2.231365 	 0.525213 
1551 	 67 	 2.254821 	 0.536263 
1552 	 65 	 2.266514 	 0.542957 
1553 	 63 	 2.275152 	 0.549138 
1554 	 66 	 2.296327 	 0.548095 
1555 	 71 	 2.326984 	 0.545897 
1556 	 74 	 2.362194 	 0.548829 
1557 	 77 	 2.361657 	 0.543684 
1558 	 84 	 2.332644 	 0.526459 
1559 	 88 	 2.289437 	 0.511339 
1560 	 89 	 2.247868 	 0.500791 
1561 	 90 	 2.229439 	 0.495452 
1562 	 87 	 2.225228 	 0.498270 
1563 	 81 	 2.244120 	 0.510671 
1564 	 79 	 2.279602 	 0.521714 
1565 	 76 	 2.305923 	 0.532455 
1566 	 74 	 2.211166 	 0.513739 
1567 	 77 	 1.857457 	 0.427610 
1568 	 79 	 1.546236 	 0.353875 
1569 	 86 	 1.317342 	 0.295743 
1570 	 85 	 1.235151 	 0.278021 
1571 	 83 	 1.222160 	 0.276579 
1572 	 82 	 1.228741 	 0.278833 
1573 	 78 	 1.249125 	 0.286713 
1574 	 73 	 1.291796 	 0.301086 
1575 	 72 	 1.307175 	 0.305653 
1576 	 69 	 1.354018 	 0.319788 
1577 	 66 	 1.397246 	 0.333499 
1578 	 63 	 1.454494 	 0.351061 
1579 	 63 	 1.499640 	 0.361958 
1580 	 60 	 1.558213 	 0.380577 
1581 	 60 	 1.613754 	 0.394142 
1582 	 58 	 1.648814 	 0.406067 
1583 	 62 	 1.652003 	 0.400278 
1584 	 66 	 1.555114 	 0.371179 
1585 	 68 	 1.387405 	 0.328807 
1586 	 72 	 1.259270 	 0.294451 
1587 	 76 	 1.154549 	 0.266594 
1588 	 79 	 1.090250 	 0.249517 
1589 	 79 	 1.083284 	 0.247922 
1590 	 74 	 1.083475 	 0.251733 
1591 	 73 	 1.086353 	 0.253202 
1592 	 71 	 1.092311 	 0.256250 
1593 	 71 	 1.098244 	 0.257642 
1594 	 67 	 1.104598 	 0.262706 
1595 	 64 	 1.109308 	 0.266732 
1596 	 62 	 1.116098 	 0.270429 
1597 	 62 	 1.119961 	 0.271365 
1598 	 62 	 1.129972 	 0.273791 
1599 	 61 	 1.136376 	 0.276432 
1600 	 60 	 1.138781 	 0.278135 
1601 	 58 	 1.153548 	 0.284094 
1602 	 57 	 1.157442 	 0.286279 
1603 	 54 	 1.172800 	 0.294010 
1604 	 53 	 1.184239 	 0.298275 
1605 	 53 	 1.206716 	 0.303936 
1606 	 52 	 1.265481 	 0.320274 
1607 	 50 	 1.320551 	 0.337562 
1608 	 50 	 1.393461 	 0.356200 
1609 	 49 	 1.481568 	 0.380688 
1610 	 49 	 1.517976 	 0.390043 
1611 	 49 	 1.602155 	 0.411673 
1612 	 49 	 1.648373 	 0.423548 
1613 	 49 	 1.631175 	 0.419129 
1614 	 48 	 1.440232 	 0.372037 
1615 	 48 	 1.421665 	 0.367241 
1616 	 51 	 1.256369 	 0.319538 
1617 	 51 	 1.139640 	 0.289850 
1618 	 52 	 1.002883 	 0.253815 
1619 	 54 	 0.963553 	 0.241553 
1620 	 54 	 0.937678 	 0.235067 
1621 	 54 	 0.901654 	 0.226036 
1622 	 55 	 0.891539 	 0.222477 
1623 	 53 	 0.874898 	 0.220361 
1624 	 51 	 0.866586 	 0.220403 
1625 	 50 	 0.862672 	 0.220518 
1626 	 48 	 0.860883 	 0.222381 
1627 	 48 	 0.859569 	 0.222042 
1628 	 46 	 0.859479 	 0.224487 
1629 	 44 	 0.860344 	 0.227352 
1630 	 42 	 0.862000 	 0.230625 
1631 	 42 	 0.864338 	 0.231250 
1632 	 41 	 0.867290 	 0.233546 
1633 	 39 	 0.870576 	 0.237631 
1634 	 38 	 0.874621 	 0.240440 
1635 	 38 	 0.879214 	 0.241702 
1636 	 38 	 0.884356 	 0.243116 
1637 	 37 	 0.890055 	 0.246490 
1638 	 37 	 0.896330 	 0.248228 
1639 	 37 	 0.903199 	 0.250130 
1640 	 37 	 0.916016 	 0.253679 
1641 	 37 	 0.924594 	 0.256055 
1642 	 37 	 0.933866 	 0.258623 
1643 	 37 	 0.943862 	 0.261391 
1644 	 37 	 0.955689 	 0.264667 
1645 	 37 	 0.967307 	 0.267884 
1646 	 37 	 0.979746 	 0.271329 
1647 	 37 	 0.993035 	 0.275009 
1648 	 37 	 1.007199 	 0.278932 
1649 	 36 	 1.022251 	 0.285265 
1650 	 36 	 1.038227 	 0.289723 
1651 	 36 	 1.055129 	 0.294439 
1652 	 35 	 1.072949 	 0.301785 
1653 	 34 	 1.091695 	 0.309581 
1654 	 34 	 1.111363 	 0.315159 
1655 	 34 	 1.131915 	 0.320987 
1656 	 34 	 1.153308 	 0.327053 
1657 	 34 	 1.175485 	 0.333342 
1658 	 34 	 1.198371 	 0.339832 
1659 	 34 	 1.221873 	 0.346497 
1660 	 33 	 1.245845 	 0.356311 
1661 	 32 	 1.270182 	 0.366497 
1662 	 32 	 1.294758 	 0.373588 
1663 	 32 	 1.319365 	 0.380688 
1664 	 31 	 1.343751 	 0.391309 
1665 	 28 	 1.367645 	 0.410432 
1666 	 28 	 1.391056 	 0.417458 
1667 	 28 	 1.413586 	 0.424219 
1668 	 28 	 1.434964 	 0.430635 
1669 	 28 	 1.454926 	 0.436626 
1670 	 28 	 1.473205 	 0.442111 
1671 	 28 	 1.489541 	 0.447014 
1672 	 26 	 1.503515 	 0.461470 
1673 	 24 	 1.515079 	 0.476732 
1674 	 23 	 1.524141 	 0.486093 
1675 	 22 	 1.530446 	 0.495123 
1676 	 22 	 1.534007 	 0.496275 
1677 	 22 	 1.534638 	 0.496479 
1678 	 22 	 1.532321 	 0.495730 
1679 	 22 	 1.527089 	 0.494037 
1680 	 21 	 1.518861 	 0.498883 
1681 	 21 	 1.508091 	 0.495346 
1682 	 21 	 1.494777 	 0.490972 
1683 	 21 	 1.479121 	 0.485830 
1684 	 20 	 1.461171 	 0.487751 
1685 	 20 	 1.441561 	 0.481205 
1686 	 20 	 1.420360 	 0.474128 
1687 	 20 	 1.397845 	 0.466612 
1688 	 20 	 1.374288 	 0.458749 
1689 	 19 	 1.349730 	 0.458400 
1690 	 19 	 1.324910 	 0.449970 
1691 	 18 	 1.299571 	 0.449621 
1692 	 18 	 1.274451 	 0.440930 
1693 	 17 	 1.249213 	 0.440917 
1694 	 17 	 1.224609 	 0.432233 
1695 	 17 	 1.200502 	 0.423725 
1696 	 17 	 1.177030 	 0.415440 
1697 	 17 	 1.154304 	 0.407419 
1698 	 17 	 1.132423 	 0.399695 
1699 	 17 	 1.111456 	 0.392295 
1700 	 16 	 1.091144 	 0.393547 
1701 	 16 	 1.072196 	 0.386713 
1702 	 16 	 1.054294 	 0.380256 
1703 	 16 	 1.037448 	 0.374180 
1704 	 15 	 1.021287 	 0.377130 
1705 	 15 	 1.006566 	 0.371694 
1706 	 15 	 0.992892 	 0.366645 
1707 	 15 	 0.980239 	 0.361972 
1708 	 14 	 0.968189 	 0.366869 
1709 	 14 	 0.957520 	 0.362827 
1710 	 14 	 0.947793 	 0.359141 
1711 	 14 	 0.938966 	 0.355796 
1712 	 13 	 0.930579 	 0.362806 
1713 	 13 	 0.923493 	 0.360043 
1714 	 13 	 0.917192 	 0.357587 
1715 	 13 	 0.911635 	 0.355420 
1716 	 13 	 0.906783 	 0.353529 
1717 	 13 	 0.902592 	 0.351894 
1718 	 13 	 0.899024 	 0.350504 
1719 	 13 	 0.896032 	 0.349337 
1720 	 13 	 0.893581 	 0.348381 
1721 	 13 	 0.891626 	 0.347620 
1722 	 13 	 0.890124 	 0.347034 
1723 	 13 	 0.889038 	 0.346610 
1724 	 12 	 0.887834 	 0.357291 
1725 	 12 	 0.887496 	 0.357154 
1726 	 12 	 0.887443 	 0.357133 
1727 	 11 	 0.887143 	 0.369968 
1728 	 11 	 0.887581 	 0.370150 
1729 	 11 	 0.888173 	 0.370397 
1730 	 11 	 0.888875 	 0.370689 
1731 	 11 	 0.889646 	 0.371011 
1732 	 11 	 0.890447 	 0.371345 
1733 	 11 	 0.891235 	 0.371674 
1734 	 10 	 0.891449 	 0.387151 
1735 	 10 	 0.892112 	 0.387439 
1736 	 10 	 0.892644 	 0.387670 
1737 	 9 	 0.892499 	 0.406194 
1738 	 9 	 0.892703 	 0.406287 
1739 	 9 	 0.892648 	 0.406262 
1740 	 9 	 0.892306 	 0.406106 
1741 	 9 	 0.891636 	 0.405801 
1742 	 9 	 0.890613 	 0.405335 
1743 	 8 	 0.888695 	 0.427372 
1744 	 8 	 0.886922 	 0.426519 
1745 	 8 	 0.884699 	 0.425450 
1746 	 8 	 0.882003 	 0.424154 
1747 	 8 	 0.878812 	 0.422619 
1748 	 8 	 0.875109 	 0.420839 
1749 	 8 	 0.870877 	 0.418803 
1750 	 7 	 0.865635 	 0.444848 
1751 	 7 	 0.860336 	 0.442125 
1752 	 7 	 0.854479 	 0.439115 
1753 	 7 	 0.848061 	 0.435817 
1754 	 7 	 0.841082 	 0.432231 
1755 	 7 	 0.833545 	 0.428357 
1756 	 7 	 0.825456 	 0.424201 
1757 	 6 	 0.816392 	 0.455637 
1758 	 6 	 0.807285 	 0.450554 
1759 	 6 	 0.797658 	 0.445181 
1760 	 6 	 0.787529 	 0.439528 
1761 	 6 	 0.776918 	 0.433606 
1762 	 6 	 0.765849 	 0.427429 
1763 	 6 	 0.754347 	 0.421009 
1764 	 6 	 0.742439 	 0.414363 
1765 	 6 	 0.730153 	 0.407506 
1766 	 6 	 0.717516 	 0.400453 
1767 	 6 	 0.704563 	 0.393224 
1768 	 6 	 0.691323 	 0.385834 
1769 	 6 	 0.677828 	 0.378303 
1770 	 6 	 0.664108 	 0.370646 
1771 	 6 	 0.650199 	 0.362883 
1772 	 6 	 0.636130 	 0.355031 
1773 	 6 	 0.621933 	 0.347108 
1774 	 6 	 0.607641 	 0.339131 
1775 	 6 	 0.593281 	 0.331117 
1776 	 6 	 0.578885 	 0.323082 
1777 	 6 	 0.564480 	 0.315042 
1778 	 6 	 0.550094 	 0.307013 
1779 	 6 	 0.535752 	 0.299009 
1780 	 6 	 0.521480 	 0.291044 
1781 	 6 	 0.507300 	 0.283130 
1782 	 6 	 0.493235 	 0.275280 
1783 	 6 	 0.479305 	 0.267505 
1784 	 6 	 0.465529 	 0.259817 
1785 	 6 	 0.451924 	 0.252224 
1786 	 6 	 0.438507 	 0.244735 
1787 	 6 	 0.425291 	 0.237360 
1788 	 6 	 0.412291 	 0.230104 
1789 	 6 	 0.399517 	 0.222975 
1790 	 6 	 0.386981 	 0.215978 
1791 	 6 	 0.374692 	 0.209120 
1792 	 6 	 0.362656 	 0.202402 
1793 	 6 	 0.350881 	 0.195830 
1794 	 6 	 0.339372 	 0.189407 
1795 	 6 	 0.328133 	 0.183135 
1796 	 6 	 0.317169 	 0.177015 
1797 	 6 	 0.306481 	 0.171050 
1798 	 6 	 0.296071 	 0.165240 
1799 	 6 	 0.285940 	 0.159586 
1800 	 6 	 0.276087 	 0.154087 
1801 	 6 	 0.266511 	 0.148743 
1802 	 6 	 0.257212 	 0.143553 
1803 	 6 	 0.248188 	 0.138516 
1804 	 6 	 0.239435 	 0.133631 
1805 	 6 	 0.230950 	 0.128896 
1806 	 6 	 0.222732 	 0.124309 
1807 	 6 	 0.214774 	 0.119868 
1808 	 6 	 0.207074 	 0.115570 
1809 	 6 	 0.199627 	 0.111414 
1810 	 6 	 0.192428 	 0.107396 
1811 	 6 	 0.185472 	 0.103514 
1812 	 6 	 0.178754 	 0.099765 
1813 	 5 	 0.172171 	 0.106976 
1814 	 5 	 0.165920 	 0.103092 
1815 	 5 	 0.159889 	 0.099345 
1816 	 4 	 0.153988 	 0.111079 
1817 	 4 	 0.148390 	 0.107041 
1818 	 4 	 0.142996 	 0.103150 
1819 	 4 	 0.137800 	 0.099402 
1820 	 4 	 0.132797 	 0.095793 
1821 	 4 	 0.127982 	 0.092320 
1822 	 4 	 0.123348 	 0.088977 
1823 	 4 	 0.118891 	 0.085761 
1824 	 4 	 0.114603 	 0.082669 
1825 	 4 	 0.110482 	 0.079696 
1826 	 4 	 0.106520 	 0.076838 
1827 	 4 	 0.102713 	 0.074092 
1828 	 4 	 0.099056 	 0.071454 
1829 	 4 	 0.095544 	 0.068920 
1830 	 4 	 0.092171 	 0.066487 
1831 	 4 	 0.088933 	 0.064152 
1832 	 4 	 0.085826 	 0.061911 
1833 	 4 	 0.082845 	 0.059760 
1834 	 4 	 0.079984 	 0.057697 
1835 	 4 	 0.077241 	 0.055718 
1836 	 4 	 0.074610 	 0.053820 
1837 	 4 	 0.072088 	 0.052001 
1838 	 4 	 0.069671 	 0.050257 
1839 	 4 	 0.067354 	 0.048586 
1840 	 4 	 0.065135 	 0.046985 
1841 	 4 	 0.063008 	 0.045451 
1842 	 3 	 0.060931 	 0.055462 
1843 	 3 	 0.058984 	 0.053690 
1844 	 3 	 0.057120 	 0.051993 
1845 	 3 	 0.055336 	 0.050369 
1846 	 3 	 0.053628 	 0.048814 
1847 	 3 	 0.051994 	 0.047327 
1848 	 3 	 0.050432 	 0.045905 
1849 	 3 	 0.048937 	 0.044544 
1850 	 3 	 0.047508 	 0.043244 
1851 	 3 	 0.046142 	 0.042001 
1852 	 3 	 0.044837 	 0.040813 
1853 	 3 	 0.043591 	 0.039678 
1854 	 3 	 0.042400 	 0.038594 
1855 	 3 	 0.041263 	 0.037559 
1856 	 3 	 0.040178 	 0.036571 
1857 	 3 	 0.039143 	 0.035629 
1858 	 3 	 0.038155 	 0.034730 
1859 	 3 	 0.037214 	 0.033873 
1860 	 3 	 0.037007 	 0.033685 
1861 	 3 	 0.036120 	 0.032877 
1862 	 3 	 0.035274 	 0.032108 
1863 	 3 	 0.034470 	 0.031376 
1864 	 3 	 0.033704 	 0.030679 
1865 	 3 	 0.032976 	 0.030016 
1866 	 3 	 0.032284 	 0.029386 
1867 	 3 	 0.031627 	 0.028788 
1868 	 3 	 0.031004 	 0.028221 
1869 	 3 	 0.030413 	 0.027683 
1870 	 3 	 0.029853 	 0.027173 
1871 	 3 	 0.029323 	 0.026691 
1872 	 3 	 0.028822 	 0.026235 
1873 	 3 	 0.028349 	 0.025804 
1874 	 3 	 0.027903 	 0.025399 
1875 	 3 	 0.027483 	 0.025016 
1876 	 3 	 0.027089 	 0.024657 
1877 	 3 	 0.026719 	 0.024320 
1878 	 3 	 0.026372 	 0.024005 
1879 	 3 	 0.026048 	 0.023710 
1880 	 3 	 0.025747 	 0.023436 
1881 	 3 	 0.025467 	 0.023181 
1882 	 3 	 0.025208 	 0.022945 
1883 	 3 	 0.024969 	 0.022728 
1884 	 3 	 0.024750 	 0.022528 
1885 	 3 	 0.024550 	 0.022346 
1886 	 3 	 0.024369 	 0.022181 
1887 	 3 	 0.024206 	 0.022033 
1888 	 3 	 0.024060 	 0.021901 
1889 	 3 	 0.023932 	 0.021784 
1890 	 3 	 0.023822 	 0.021683 
1891 	 3 	 0.023727 	 0.021598 
1892 	 3 	 0.023650 	 0.021527 
1893 	 3 	 0.023588 	 0.021470 
1894 	 3 	 0.023541 	 0.021428 
1895 	 2 	 0.023488 	 0.033887 
1896 	 2 	 0.023474 	 0.033866 
1897 	 2 	 0.023475 	 0.033867 
1898 	 2 	 0.023490 	 0.033889 
1899 	 2 	 0.023520 	 0.033932 
1900 	 2 	 0.023564 	 0.033996 
1901 	 2 	 0.023623 	 0.034081 
1902 	 2 	 0.023696 	 0.034186 
1903 	 2 	 0.023782 	 0.034311 
1904 	 2 	 0.023914 	 0.034500 
1905 	 2 	 0.024032 	 0.034671 
1906 	 2 	 0.024165 	 0.034862 
1907 	 2 	 0.024311 	 0.035073 
1908 	 2 	 0.024471 	 0.035304 
1909 	 2 	 0.024644 	 0.035554 
1910 	 2 	 0.024832 	 0.035825 
1911 	 2 	 0.025033 	 0.036115 
1912 	 2 	 0.025249 	 0.036426 
1913 	 2 	 0.025478 	 0.036757 
1914 	 2 	 0.025721 	 0.037107 
1915 	 2 	 0.025978 	 0.037478 
1916 	 2 	 0.026249 	 0.037870 
1917 	 2 	 0.026535 	 0.038281 
1918 	 2 	 0.026835 	 0.038714 
1919 	 2 	 0.027149 	 0.039168 
1920 	 2 	 0.027478 	 0.039642 
1921 	 2 	 0.027822 	 0.040138 
1922 	 2 	 0.028180 	 0.040656 
1923 	 2 	 0.028554 	 0.041195 
1924 	 2 	 0.028943 	 0.041756 
1925 	 2 	 0.029348 	 0.042340 
1926 	 2 	 0.029768 	 0.042946 
1927 	 2 	 0.030204 	 0.043575 
1928 	 2 	 0.030656 	 0.044227 
1929 	 2 	 0.031124 	 0.044903 
1930 	 2 	 0.031609 	 0.045603 
1931 	 2 	 0.032111 	 0.046327 
1932 	 2 	 0.032630 	 0.047076 
1933 	 2 	 0.033167 	 0.047849 
1934 	 2 	 0.033721 	 0.048649 
1935 	 2 	 0.034293 	 0.049474 
1936 	 2 	 0.034883 	 0.050325 
1937 	 2 	 0.035492 	 0.051204 
1938 	 2 	 0.036119 	 0.052109 
1939 	 2 	 0.036766 	 0.053043 
1940 	 2 	 0.037433 	 0.054004 
1941 	 2 	 0.038119 	 0.054994 
1942 	 2 	 0.038826 	 0.056014 
1943 	 2 	 0.039553 	 0.057063 
1944 	 2 	 0.040302 	 0.058143 
1945 	 2 	 0.041072 	 0.059254 
1946 	 2 	 0.041863 	 0.060396 
1947 	 2 	 0.042678 	 0.061571 
1948 	 2 	 0.043514 	 0.062778 
1949 	 2 	 0.044374 	 0.064018 
1950 	 2 	 0.045258 	 0.065293 
1951 	 2 	 0.046165 	 0.066602 
1952 	 2 	 0.047097 	 0.067947 
1953 	 2 	 0.048054 	 0.069327 
1954 	 2 	 0.049036 	 0.070744 
1955 	 2 	 0.050044 	 0.072199 
1956 	 2 	 0.051079 	 0.073691 
1957 	 2 	 0.052141 	 0.075223 
1958 	 2 	 0.053230 	 0.076794 
1959 	 2 	 0.054347 	 0.078406 
1960 	 2 	 0.055493 	 0.080059 
1961 	 2 	 0.056667 	 0.081753 
1962 	 2 	 0.057872 	 0.083491 
1963 	 2 	 0.059106 	 0.085272 
1964 	 2 	 0.060371 	 0.087098 
1965 	 2 	 0.061669 	 0.088969 
1966 	 2 	 0.062998 	 0.090886 
1967 	 2 	 0.064359 	 0.092850 
1968 	 2 	 0.065754 	 0.094863 
1969 	 2 	 0.067182 	 0.096923 
1970 	 2 	 0.068645 	 0.099034 
1971 	 2 	 0.070143 	 0.101196 
1972 	 2 	 0.071678 	 0.103409 
1973 	 2 	 0.073248 	 0.105675 
1974 	 2 	 0.074856 	 0.107994 
1975 	 2 	 0.076502 	 0.110368 
1976 	 2 	 0.078186 	 0.112798 
1977 	 2 	 0.079909 	 0.115284 
1978 	 2 	 0.081672 	 0.117827 
1979 	 2 	 0.083475 	 0.120430 
1980 	 2 	 0.085321 	 0.123092 
1981 	 2 	 0.087208 	 0.125814 
1982 	 2 	 0.089138 	 0.128599 
1983 	 2 	 0.091111 	 0.131446 
1984 	 2 	 0.093130 	 0.134357 
1985 	 2 	 0.095193 	 0.137334 
1986 	 2 	 0.097301 	 0.140376 
1987 	 2 	 0.099457 	 0.143486 
1988 	 2 	 0.101659 	 0.146663 
1989 	 2 	 0.103910 	 0.149911 
1990 	 2 	 0.106210 	 0.153229 
1991 	 2 	 0.108560 	 0.156619 
1992 	 2 	 0.110960 	 0.160081 
1993 	 2 	 0.113410 	 0.163617 
1994 	 2 	 0.115914 	 0.167228 
1995 	 2 	 0.118470 	 0.170915 
1996 	 2 	 0.121079 	 0.174681 
1997 	 2 	 0.123743 	 0.178523 
1998 	 2 	 0.126462 	 0.182446 
1999 	 2 	 0.129237 	 0.186450 
2000 	 2 	 0.132068 	 0.190534 
2001 	 2 	 0.134957 	 0.194702 
2002 	 2 	 0.137905 	 0.198955 
2003 	 2 	 0.140911 	 0.203292 
2004 	 2 	 0.143976 	 0.207714 
2005 	 2 	 0.147103 	 0.212225 
2006 	 2 	 0.150290 	 0.216823 
2007 	 2 	 0.153540 	 0.221511 
2008 	 2 	 0.156852 	 0.226289 
2009 	 2 	 0.160226 	 0.231158 
2010 	 2 	 0.163666 	 0.236120 
2011 	 2 	 0.167169 	 0.241174 
2012 	 2 	 0.170738 	 0.246323 
2013 	 2 	 0.174372 	 0.251566 
2014 	 2 	 0.178074 	 0.256907 
2015 	 2 	 0.181842 	 0.262342 
2016 	 2 	 0.185677 	 0.267876 
2017 	 2 	 0.189581 	 0.273507 
2018 	 2 	 0.193553 	 0.279238 
2019 	 2 	 0.197594 	 0.285067 
2020 	 2 	 0.201704 	 0.290997 
2021 	 2 	 0.205885 	 0.297029 
2022 	 2 	 0.210135 	 0.303160 
2023 	 2 	 0.214455 	 0.309393 
2024 	 2 	 0.218846 	 0.315728 
2025 	 2 	 0.223308 	 0.322165 
2026 	 2 	 0.227842 	 0.328706 
2027 	 2 	 0.232446 	 0.335349 
2028 	 2 	 0.237121 	 0.342094 
2029 	 2 	 0.241869 	 0.348943 
2030 	 2 	 0.246686 	 0.355893 
2031 	 2 	 0.251575 	 0.362946 
2032 	 2 	 0.256534 	 0.370101 
2033 	 2 	 0.261566 	 0.377360 
2034 	 2 	 0.266667 	 0.384719 
2035 	 2 	 0.271837 	 0.392178 
2036 	 2 	 0.277078 	 0.399739 
2037 	 2 	 0.282387 	 0.407399 
2038 	 2 	 0.287765 	 0.415157 
2039 	 2 	 0.293211 	 0.423014 
2040 	 2 	 0.298723 	 0.430966 
2041 	 2 	 0.304302 	 0.439014 
2042 	 2 	 0.309945 	 0.447156 
2043 	 2 	 0.315653 	 0.455391 
2044 	 2 	 0.321423 	 0.463715 
2045 	 2 	 0.327255 	 0.472129 
2046 	 2 	 0.333147 	 0.480629 
2047 	 2 	 0.339098 	 0.489215 
2048 	 2 	 0.345106 	 0.497883 
2049 	 2 	 0.351170 	 0.506631 
2050 	 2 	 0.357287 	 0.515456 
2051 	 2 	 0.363456 	 0.524356 
2052 	 2 	 0.369674 	 0.533327 
2053 	 2 	 0.375940 	 0.542367 
2054 	 2 	 0.382252 	 0.551473 
2055 	 2 	 0.388606 	 0.560640 
2056 	 2 	 0.395000 	 0.569865 
2057 	 2 	 0.401433 	 0.579145 
2058 	 2 	 0.407899 	 0.588474 
2059 	 2 	 0.414398 	 0.597850 
2060 	 2 	 0.420925 	 0.607267 
2061 	 2 	 0.427478 	 0.616720 
2062 	 2 	 0.434053 	 0.626206 
2063 	 2 	 0.440647 	 0.635720 
2064 	 2 	 0.447256 	 0.645254 
2065 	 2 	 0.453877 	 0.654806 
2066 	 2 	 0.460505 	 0.664368 
2067 	 2 	 0.467136 	 0.673935 
2068 	 2 	 0.473767 	 0.683502 
2069 	 2 	 0.480393 	 0.693061 
2070 	 2 	 0.487010 	 0.702607 
2071 	 2 	 0.493614 	 0.712134 
2072 	 2 	 0.500199 	 0.721634 
2073 	 2 	 0.506760 	 0.731100 
2074 	 2 	 0.513294 	 0.740527 
2075 	 2 	 0.519795 	 0.749906 
2076 	 2 	 0.526258 	 0.759230 
2077 	 2 	 0.532679 	 0.768493 
2078 	 2 	 0.539050 	 0.777684 
2079 	 2 	 0.545368 	 0.786799 
2080 	 2 	 0.551627 	 0.795830 
2081 	 2 	 0.557822 	 0.804767 
2082 	 2 	 0.563947 	 0.813604 
2083 	 2 	 0.569996 	 0.822330 
2084 	 2 	 0.575964 	 0.830940 
2085 	 2 	 0.581846 	 0.839426 
2086 	 2 	 0.587635 	 0.847778 
2087 	 2 	 0.593325 	 0.855987 
2088 	 2 	 0.598912 	 0.864047 
2089 	 2 	 0.604390 	 0.871950 
2090 	 2 	 0.609752 	 0.879686 
2091 	 2 	 0.614992 	 0.887247 
2092 	 2 	 0.620108 	 0.894627 
2093 	 2 	 0.625091 	 0.901816 
2094 	 2 	 0.629936 	 0.908805 
2095 	 2 	 0.634639 	 0.915591 
2096 	 2 	 0.639193 	 0.922161 
2097 	 2 	 0.643595 	 0.928511 
2098 	 2 	 0.647838 	 0.934632 
2099 	 2 	 0.651918 	 0.940519 
2100 	 2 	 0.655829 	 0.946161 
2101 	 2 	 0.659567 	 0.951554 
2102 	 2 	 0.663128 	 0.956692 
2103 	 2 	 0.666508 	 0.961567 
2104 	 2 	 0.669701 	 0.966174 
2105 	 2 	 0.672704 	 0.970507 
2106 	 2 	 0.675514 	 0.974561 
2107 	 2 	 0.678127 	 0.978330 
2108 	 2 	 0.680539 	 0.981810 
2109 	 2 	 0.682747 	 0.984996 
2110 	 2 	 0.684749 	 0.987885 
2111 	 2 	 0.686543 	 0.990472 
2112 	 2 	 0.688124 	 0.992753 
2113 	 2 	 0.689493 	 0.994728 
2114 	 2 	 0.690646 	 0.996391 
2115 	 2 	 0.691582 	 0.997743 
2116 	 2 	 0.692301 	 0.998779 
2117 	 2 	 0.692801 	 0.999500 
2118 	 2 	 0.693081 	 0.999905 
2119 	 2 	 0.693142 	 0.999992 
2120 	 2 	 0.692982 	 0.999762 
2121 	 2 	 0.692603 	 0.999215 
2122 	 2 	 0.692004 	 0.998351 
2123 	 2 	 0.691187 	 0.997172 
2124 	 2 	 0.690153 	 0.995680 
2125 	 2 	 0.688903 	 0.993876 
2126 	 2 	 0.687438 	 0.991763 
2127 	 2 	 0.685761 	 0.989344 
2128 	 2 	 0.683873 	 0.986621 
2129 	 2 	 0.681778 	 0.983598 
2130 	 2 	 0.679478 	 0.980279 
2131 	 2 	 0.676975 	 0.976669 
2132 	 2 	 0.674274 	 0.972771 
2133 	 2 	 0.671377 	 0.968592 
2134 	 2 	 0.668288 	 0.964136 
2135 	 2 	 0.665010 	 0.959407 
2136 	 2 	 0.661549 	 0.954414 
2137 	 2 	 0.657909 	 0.949161 
2138 	 2 	 0.654092 	 0.943656 
2139 	 2 	 0.650105 	 0.937904 
2140 	 2 	 0.645953 	 0.931913 
2141 	 2 	 0.641638 	 0.925688 
2142 	 2 	 0.637168 	 0.919239 
2143 	 2 	 0.632547 	 0.912572 
2144 	 2 	 0.627780 	 0.905695 
2145 	 2 	 0.622872 	 0.898614 
2146 	 2 	 0.617830 	 0.891341 
2147 	 2 	 0.612658 	 0.883879 
2148 	 2 	 0.607363 	 0.876239 
2149 	 2 	 0.601948 	 0.868428 
2150 	 2 	 0.596421 	 0.860453 
2151 	 2 	 0.590788 	 0.852327 
2152 	 2 	 0.585052 	 0.844051 
2153 	 2 	 0.579221 	 0.835639 
2154 	 2 	 0.573300 	 0.827096 
2155 	 2 	 0.567295 	 0.818433 
2156 	 2 	 0.561210 	 0.809655 
2157 	 2 	 0.555053 	 0.800772 
2158 	 2 	 0.548828 	 0.791791 
2159 	 2 	 0.542541 	 0.782721 
2160 	 2 	 0.536196 	 0.773567 
2161 	 2 	 0.529802 	 0.764343 
2162 	 2 	 0.523359 	 0.755047 
2163 	 2 	 0.516877 	 0.745696 
2164 	 2 	 0.510357 	 0.736290 
2165 	 2 	 0.503809 	 0.726842 
2166 	 2 	 0.497232 	 0.717354 
2167 	 2 	 0.490636 	 0.707838 
2168 	 2 	 0.484023 	 0.698297 
2169 	 2 	 0.477396 	 0.688738 
2170 	 2 	 0.470763 	 0.679168 
2171 	 2 	 0.464127 	 0.669593 
2172 	 2 	 0.457490 	 0.660019 
2173 	 2 	 0.450860 	 0.650453 
2174 	 2 	 0.444237 	 0.640899 
2175 	 2 	 0.437628 	 0.631364 
2176 	 2 	 0.431035 	 0.621851 
2177 	 2 	 0.424461 	 0.612368 
2178 	 2 	 0.417911 	 0.602918 
2179 	 2 	 0.411388 	 0.593507 
2180 	 2 	 0.404893 	 0.584137 
2181 	 2 	 0.398432 	 0.574815 
2182 	 2 	 0.392006 	 0.565545 
2183 	 2 	 0.385617 	 0.556328 
2184 	 2 	 0.379270 	 0.547171 
2185 	 2 	 0.372966 	 0.538076 
2186 	 2 	 0.366708 	 0.529048 
2187 	 2 	 0.360498 	 0.520088 
2188 	 2 	 0.354337 	 0.511200 
2189 	 2 	 0.348228 	 0.502388 
2190 	 2 	 0.342174 	 0.493652 
2191 	 2 	 0.336175 	 0.484998 
2192 	 2 	 0.330232 	 0.476425 
2193 	 2 	 0.324349 	 0.467937 
2194 	 2 	 0.318526 	 0.459536 
2195 	 2 	 0.312765 	 0.451224 
2196 	 2 	 0.307066 	 0.443003 
2197 	 2 	 0.301431 	 0.434872 
2198 	 2 	 0.295861 	 0.426837 
2199 	 2 	 0.290356 	 0.418895 
2200 	 2 	 0.284918 	 0.411050 
2201 	 2 	 0.279547 	 0.403301 
2202 	 2 	 0.274245 	 0.395651 
2203 	 2 	 0.269010 	 0.388099 
2204 	 2 	 0.263844 	 0.380647 
2205 	 2 	 0.258749 	 0.373296 
2206 	 2 	 0.253723 	 0.366044 
2207 	 2 	 0.248766 	 0.358894 
2208 	 2 	 0.243880 	 0.351845 
2209 	 2 	 0.239065 	 0.344898 
2210 	 2 	 0.234320 	 0.338052 
2211 	 2 	 0.229645 	 0.331308 
2212 	 2 	 0.225042 	 0.324667 
2213 	 2 	 0.220508 	 0.318126 
2214 	 2 	 0.216045 	 0.311687 
2215 	 2 	 0.211652 	 0.305349 
2216 	 2 	 0.207328 	 0.299112 
2217 	 2 	 0.203074 	 0.292974 
2218 	 2 	 0.198890 	 0.286938 
2219 	 2 	 0.194775 	 0.281001 
2220 	 2 	 0.190727 	 0.275161 
2221 	 2 	 0.186748 	 0.269421 
2222 	 2 	 0.182837 	 0.263777 
2223 	 2 	 0.178992 	 0.258231 
2224 	 2 	 0.175214 	 0.252780 
2225 	 2 	 0.171502 	 0.247426 
2226 	 2 	 0.167856 	 0.242165 
2227 	 2 	 0.164274 	 0.236997 
2228 	 2 	 0.160757 	 0.231924 
2229 	 2 	 0.157303 	 0.226941 
2230 	 2 	 0.153913 	 0.222050 
2231 	 2 	 0.150584 	 0.217247 
2232 	 2 	 0.147317 	 0.212534 
2233 	 2 	 0.144111 	 0.207908 
2234 	 2 	 0.140966 	 0.203370 
2235 	 2 	 0.137879 	 0.198918 
2236 	 2 	 0.134852 	 0.194550 
2237 	 2 	 0.131882 	 0.190265 
2238 	 2 	 0.128969 	 0.186063 
2239 	 2 	 0.126113 	 0.181943 
2240 	 2 	 0.123313 	 0.177903 
2241 	 2 	 0.120568 	 0.173942 
2242 	 2 	 0.117876 	 0.170059 
2243 	 2 	 0.115238 	 0.166253 
2244 	 2 	 0.112653 	 0.162524 
2245 	 2 	 0.110119 	 0.158869 
2246 	 2 	 0.107637 	 0.155287 
2247 	 2 	 0.105204 	 0.151778 
2248 	 2 	 0.102822 	 0.148340 
2249 	 2 	 0.100487 	 0.144973 
2250 	 2 	 0.098201 	 0.141674 
2251 	 2 	 0.095962 	 0.138444 
2252 	 2 	 0.093769 	 0.135280 
2253 	 2 	 0.091622 	 0.132182 
2254 	 2 	 0.089519 	 0.129149 
2255 	 2 	 0.087461 	 0.126179 
2256 	 2 	 0.085446 	 0.123272 
2257 	 2 	 0.083473 	 0.120426 
2258 	 2 	 0.081543 	 0.117641 
2259 	 2 	 0.079653 	 0.114915 
2260 	 2 	 0.077804 	 0.112247 
2261 	 2 	 0.075994 	 0.109636 
2262 	 2 	 0.074223 	 0.107082 
2263 	 2 	 0.072491 	 0.104582 
2264 	 2 	 0.070796 	 0.102137 
2265 	 2 	 0.069138 	 0.099745 
2266 	 2 	 0.067516 	 0.097404 
2267 	 2 	 0.065929 	 0.095115 
2268 	 2 	 0.064377 	 0.092877 
2269 	 2 	 0.062859 	 0.090687 
2270 	 2 	 0.061375 	 0.088545 
2271 	 2 	 0.059924 	 0.086452 
2272 	 2 	 0.058504 	 0.084404 
2273 	 2 	 0.057116 	 0.082402 
2274 	 2 	 0.055760 	 0.080444 
2275 	 2 	 0.054433 	 0.078530 
2276 	 2 	 0.053136 	 0.076659 
2277 	 2 	 0.051869 	 0.074830 
2278 	 2 	 0.050629 	 0.073043 
2279 	 2 	 0.049418 	 0.071295 
2280 	 2 	 0.048234 	 0.069587 
2281 	 2 	 0.047077 	 0.067918 
2282 	 2 	 0.045946 	 0.066287 
2283 	 2 	 0.044841 	 0.064693 
2284 	 2 	 0.043762 	 0.063135 
2285 	 2 	 0.042707 	 0.061613 
2286 	 2 	 0.041676 	 0.060125 
2287 	 2 	 0.040668 	 0.058672 
2288 	 2 	 0.039685 	 0.057253 
2289 	 2 	 0.038723 	 0.055866 
2290 	 2 	 0.037784 	 0.054511 
2291 	 2 	 0.036867 	 0.053187 
2292 	 2 	 0.035970 	 0.051894 
2293 	 2 	 0.035095 	 0.050631 
2294 	 2 	 0.034240 	 0.049398 
2295 	 2 	 0.033405 	 0.048193 
2296 	 1 	 0.000000 	 nan 
2297 	 1 	 0.000000 	 nan 
2298 	 1 	 0.000000 	 nan 
2299 	 1 	 0.000000 	 nan 
2300 	 1 	 0.000000 	 nan 
2301 	 1 	 0.000000 	 nan 
2302 	 1 	 0.000000 	 nan 
2303 	 1 	 0.000000 	 nan 
2304 	 1 	 0.000000 	 nan 
2305 	 1 	 0.000000 	 nan 
2306 	 1 	 0.000000 	 nan 
2307 	 1 	 0.000000 	 nan 
2308 	 1 	 0.000000 	 nan 
2309 	 1 	 0.000000 	 nan 
2310 	 1 	 0.000000 	 nan 
2311 	 1 	 0.000000 	 nan 
2312 	 1 	 0.000000 	 nan 
2313 	 1 	 0.000000 	 nan 
2314 	 1 	 0.000000 	 nan 
2315 	 1 	 0.000000 	 nan 
2316 	 1 	 0.000000 	 nan 
2317 	 1 	 0.000000 	 nan 
2318 	 1 	 0.000000 	 nan 
2319 	 1 	 0.000000 	 nan 
2320 	 1 	 0.000000 	 nan 
2321 	 1 	 0.000000 	 nan 
2322 	 1 	 0.000000 	 nan 
2323 	 1 	 0.000000 	 nan 
2324 	 1 	 0.000000 	 nan 
2325 	 1 	 0.000000 	 nan 
2326 	 1 	 0.000000 	 nan 
2327 	 1 	 0.000000 	 nan 
2328 	 1 	 0.000000 	 nan 
2329 	 1 	 0.000000 	 nan 
2330 	 1 	 0.000000 	 nan 
2331 	 1 	 0.000000 	 nan 
2332 	 1 	 0.000000 	 nan 
2333 	 1 	 0.000000 	 nan 
2334 	 1 	 0.000000 	 nan 
2335 	 1 	 0.000000 	 nan 
2336 	 1 	 0.000000 	 nan 
2337 	 1 	 0.000000 	 nan 
2338 	 1 	 0.000000 	 nan 
2339 	 1 	 0.000000 	 nan 
2340 	 1 	 0.000000 	 nan 
2341 	 1 	 0.000000 	 nan 
2342 	 1 	 0.000000 	 nan 
2343 	 1 	 0.000000 	 nan 
2344 	 1 	 0.000000 	 nan 
2345 	 1 	 0.000000 	 nan 
2346 	 1 	 0.000000 	 nan 
2347 	 1 	 0.000000 	 nan 
2348 	 1 	 0.000000 	 nan 
2349 	 1 	 0.000000 	 nan 
2350 	 1 	 0.000000 	 nan 
2351 	 1 	 0.000000 	 nan 
2352 	 1 	 0.000000 	 nan 
2353 	 1 	 0.000000 	 nan 
2354 	 1 	 0.000000 	 nan 
2355 	 1 	 0.000000 	 nan 
2356 	 1 	 0.000000 	 nan 
2357 	 1 	 0.000000 	 nan 
2358 	 1 	 0.000000 	 nan 
2359 	 1 	 0.000000 	 nan 
2360 	 1 	 0.000000 	 nan 
2361 	 1 	 0.000000 	 nan 
2362 	 1 	 0.000000 	 nan 
2363 	 1 	 0.000000 	 nan 
2364 	 1 	 0.000000 	 nan 
2365 	 1 	 0.000000 	 nan 
2366 	 1 	 0.000000 	 nan 
2367 	 1 	 0.000000 	 nan 
2368 	 1 	 0.000000 	 nan 
2369 	 1 	 0.000000 	 nan 
2370 	 1 	 0.000000 	 nan 
2371 	 1 	 0.000000 	 nan 
2372 	 1 	 0.000000 	 nan 
2373 	 1 	 0.000000 	 nan 
2374 	 1 	 0.000000 	 nan 
2375 	 1 	 0.000000 	 nan 
2376 	 1 	 0.000000 	 nan 
2377 	 1 	 0.000000 	 nan 
2378 	 1 	 0.000000 	 nan 
2379 	 1 	 0.000000 	 nan 
2380 	 1 	 0.000000 	 nan 
2381 	 1 	 0.000000 	 nan 
2382 	 1 	 0.000000 	 nan 
2383 	 1 	 0.000000 	 nan 
2384 	 1 	 0.000000 	 nan 
2385 	 1 	 0.000000 	 nan 
2386 	 1 	 0.000000 	 nan 
2387 	 1 	 0.000000 	 nan 
2388 	 1 	 0.000000 	 nan 
2389 	 1 	 0.000000 	 nan 
2390 	 1 	 0.000000 	 nan 
2391 	 1 	 0.000000 	 nan 
2392 	 1 	 0.000000 	 nan 
2393 	 1 	 0.000000 	 nan 
2394 	 1 	 0.000000 	 nan 
2395 	 1 	 0.000000 	 nan 
2396 	 1 	 0.000000 	 nan 
2397 	 1 	 0.000000 	 nan 
2398 	 1 	 0.000000 	 nan 
2399 	 1 	 0.000000 	 nan 
2400 	 1 	 0.000000 	 nan 
2401 	 1 	 0.000000 	 nan 
2402 	 1 	 0.000000 	 nan 
2403 	 1 	 0.000000 	 nan 
2404 	 1 	 0.000000 	 nan 
2405 	 1 	 0.000000 	 nan 
2406 	 1 	 0.000000 	 nan 
2407 	 1 	 0.000000 	 nan 
2408 	 1 	 0.000000 	 nan 
2409 	 1 	 0.000000 	 nan 
2410 	 1 	 0.000000 	 nan 
2411 	 1 	 0.000000 	 nan 
2412 	 1 	 0.000000 	 nan 
2413 	 1 	 0.000000 	 nan 
2414 	 1 	 0.000000 	 nan 
2415 	 1 	 0.000000 	 nan 
2416 	 1 	 0.000000 	 nan 
2417 	 1 	 0.000000 	 nan 
2418 	 1 	 0.000000 	 nan 
2419 	 1 	 0.000000 	 nan 
2420 	 1 	 0.000000 	 nan 
2421 	 1 	 0.000000 	 nan 
2422 	 1 	 0.000000 	 nan 
2423 	 1 	 0.000000 	 nan 
2424 	 1 	 0.000000 	 nan 
2425 	 1 	 0.000000 	 nan 
2426 	 1 	 0.000000 	 nan 
2427 	 1 	 0.000000 	 nan 
2428 	 1 	 0.000000 	 nan 
2429 	 1 	 0.000000 	 nan 
2430 	 1 	 0.000000 	 nan 
2431 	 1 	 0.000000 	 nan 
2432 	 1 	 0.000000 	 nan 
2433 	 1 	 0.000000 	 nan 
2434 	 1 	 0.000000 	 nan 
2435 	 1 	 0.000000 	 nan 
2436 	 1 	 0.000000 	 nan 
2437 	 1 	 0.000000 	 nan 
2438 	 1 	 0.000000 	 nan 
2439 	 1 	 0.000000 	 nan 
2440 	 1 	 0.000000 	 nan 
2441 	 1 	 0.000000 	 nan 
2442 	 1 	 0.000000 	 nan 
2443 	 1 	 0.000000 	 nan 
2444 	 1 	 0.000000 	 nan 
2445 	 1 	 0.000000 	 nan 
2446 	 1 	 0.000000 	 nan 
2447 	 1 	 0.000000 	 nan 
2448 	 1 	 0.000000 	 nan 
2449 	 1 	 0.000000 	 nan 
2450 	 1 	 0.000000 	 nan 
2451 	 1 	 0.000000 	 nan 
2452 	 1 	 0.000000 	 nan 
2453 	 1 	 0.000000 	 nan 
2454 	 1 	 0.000000 	 nan 
2455 	 1 	 0.000000 	 nan 
2456 	 1 	 0.000000 	 nan 
2457 	 1 	 0.000000 	 nan 
2458 	 1 	 0.000000 	 nan 
2459 	 1 	 0.000000 	 nan 
2460 	 1 	 0.000000 	 nan 
2461 	 1 	 0.000000 	 nan 
2462 	 1 	 0.000000 	 nan 
2463 	 1 	 0.000000 	 nan 
2464 	 1 	 0.000000 	 nan 
2465 	 1 	 0.000000 	 nan 
2466 	 1 	 0.000000 	 nan 
2467 	 1 	 0.000000 	 nan 
2468 	 1 	 0.000000 	 nan 
2469 	 1 	 0.000000 	 nan 
2470 	 1 	 0.000000 	 nan 
2471 	 1 	 0.000000 	 nan 
2472 	 1 	 0.000000 	 nan 
2473 	 1 	 0.000000 	 nan 
2474 	 1 	 0.000000 	 nan 
2475 	 1 	 0.000000 	 nan 
2476 	 1 	 0.000000 	 nan 
2477 	 1 	 0.000000 	 nan 
2478 	 1 	 0.000000 	 nan 
2479 	 1 	 0.000000 	 nan 
2480 	 1 	 0.000000 	 nan 
2481 	 1 	 0.000000 	 nan 
2482 	 1 	 0.000000 	 nan 
2483 	 1 	 0.000000 	 nan 
2484 	 1 	 0.000000 	 nan 
2485 	 1 	 0.000000 	 nan 
2486 	 1 	 0.000000 	 nan 
2487 	 1 	 0.000000 	 nan 
2488 	 1 	 0.000000 	 nan 
2489 	 1 	 0.000000 	 nan 
2490 	 1 	 0.000000 	 nan 
2491 	 1 	 0.000000 	 nan 
2492 	 1 	 0.000000 	 nan 
2493 	 1 	 0.000000 	 nan 
2494 	 1 	 0.000000 	 nan 
2495 	 1 	 0.000000 	 nan 
2496 	 1 	 0.000000 	 nan 
2497 	 1 	 0.000000 	 nan 
2498 	 1 	 0.000000 	 nan 
2499 	 1 	 0.000000 	 nan 
2500 	 1 	 0.000000 	 nan 
2501 	 1 	 0.000000 	 nan 
2502 	 1 	 0.000000 	 nan 
2503 	 1 	 0.000000 	 nan 
2504 	 1 	 0.000000 	 nan 
2505 	 1 	 0.000000 	 nan 
2506 	 1 	 0.000000 	 nan 
2507 	 1 	 0.000000 	 nan 
2508 	 1 	 0.000000 	 nan 
2509 	 1 	 0.000000 	 nan 
2510 	 1 	 0.000000 	 nan 
2511 	 1 	 0.000000 	 nan 
2512 	 1 	 0.000000 	 nan 
2513 	 1 	 0.000000 	 nan 
2514 	 1 	 0.000000 	 nan 
2515 	 1 	 0.000000 	 nan 
2516 	 1 	 0.000000 	 nan 
2517 	 1 	 0.000000 	 nan 
2518 	 1 	 0.000000 	 nan 
2519 	 1 	 0.000000 	 nan 
2520 	 1 	 0.000000 	 nan 
2521 	 1 	 0.000000 	 nan 
2522 	 1 	 0.000000 	 nan 
2523 	 1 	 0.000000 	 nan 
2524 	 1 	 0.000000 	 nan 
2525 	 1 	 0.000000 	 nan 
2526 	 1 	 0.000000 	 nan 
2527 	 1 	 0.000000 	 nan 
2528 	 1 	 0.000000 	 nan 
2529 	 1 	 0.000000 	 nan 
2530 	 1 	 0.000000 	 nan 
2531 	 1 	 0.000000 	 nan 
2532 	 1 	 0.000000 	 nan 
2533 	 1 	 0.000000 	 nan 
2534 	 1 	 0.000000 	 nan 
2535 	 1 	 0.000000 	 nan 
2536 	 1 	 0.000000 	 nan 
2537 	 1 	 0.000000 	 nan 
2538 	 1 	 0.000000 	 nan 
2539 	 1 	 0.000000 	 nan 
2540 	 1 	 0.000000 	 nan 
2541 	 1 	 0.000000 	 nan 
2542 	 1 	 0.000000 	 nan 
2543 	 1 	 0.000000 	 nan 
2544 	 1 	 0.000000 	 nan 
2545 	 1 	 0.000000 	 nan 
2546 	 1 	 0.000000 	 nan 
2547 	 1 	 0.000000 	 nan 
2548 	 1 	 0.000000 	 nan 
2549 	 1 	 0.000000 	 nan 
2550 	 1 	 0.000000 	 nan 
2551 	 1 	 0.000000 	 nan 
2552 	 1 	 0.000000 	 nan 
2553 	 1 	 0.000000 	 nan 
2554 	 1 	 0.000000 	 nan 
2555 	 1 	 0.000000 	 nan 
2556 	 1 	 0.000000 	 nan 
2557 	 1 	 0.000000 	 nan 
2558 	 1 	 0.000000 	 nan 
2559 	 1 	 0.000000 	 nan 
2560 	 1 	 0.000000 	 nan 
2561 	 1 	 0.000000 	 nan 
2562 	 1 	 0.000000 	 nan 
2563 	 1 	 0.000000 	 nan 
2564 	 1 	 0.000000 	 nan 
2565 	 1 	 0.000000 	 nan 
2566 	 1 	 0.000000 	 nan 
2567 	 1 	 0.000000 	 nan 
2568 	 1 	 0.000000 	 nan 
2569 	 1 	 0.000000 	 nan 
2570 	 1 	 0.000000 	 nan 
2571 	 1 	 0.000000 	 nan 
2572 	 1 	 0.000000 	 nan 
2573 	 1 	 0.000000 	 nan 
2574 	 1 	 0.000000 	 nan 
2575 	 1 	 0.000000 	 nan 
2576 	 1 	 0.000000 	 nan 
2577 	 1 	 0.000000 	 nan 
2578 	 1 	 0.000000 	 nan 
2579 	 1 	 0.000000 	 nan 
2580 	 1 	 0.000000 	 nan 
2581 	 1 	 0.000000 	 nan 
2582 	 1 	 0.000000 	 nan 
2583 	 1 	 0.000000 	 nan 
2584 	 1 	 0.000000 	 nan 
2585 	 1 	 0.000000 	 nan 
2586 	 1 	 0.000000 	 nan 
2587 	 1 	 0.000000 	 nan 
2588 	 1 	 0.000000 	 nan 
2589 	 1 	 0.000000 	 nan 
2590 	 1 	 0.000000 	 nan 
2591 	 1 	 0.000000 	 nan 
2592 	 1 	 0.000000 	 nan 
2593 	 1 	 0.000000 	 nan 
2594 	 1 	 0.000000 	 nan 
2595 	 1 	 0.000000 	 nan 
2596 	 1 	 0.000000 	 nan 
2597 	 1 	 0.000000 	 nan 
2598 	 1 	 0.000000 	 nan 
2599 	 1 	 0.000000 	 nan 
2600 	 1 	 0.000000 	 nan 
2601 	 1 	 0.000000 	 nan 
2602 	 1 	 0.000000 	 nan 
2603 	 1 	 0.000000 	 nan 
2604 	 1 	 0.000000 	 nan 
2605 	 1 	 0.000000 	 nan 
2606 	 1 	 0.000000 	 nan 
2607 	 1 	 0.000000 	 nan 
2608 	 1 	 0.000000 	 nan 
2609 	 1 	 0.000000 	 nan 
2610 	 1 	 0.000000 	 nan 
2611 	 1 	 0.000000 	 nan 
2612 	 1 	 0.000000 	 nan 
2613 	 1 	 0.000000 	 nan 
2614 	 1 	 0.000000 	 nan 
2615 	 1 	 0.000000 	 nan 
2616 	 1 	 0.000000 	 nan 
2617 	 1 	 0.000000 	 nan 
2618 	 1 	 0.000000 	 nan 
2619 	 1 	 0.000000 	 nan 
2620 	 1 	 0.000000 	 nan 
2621 	 1 	 0.000000 	 nan 
2622 	 1 	 0.000000 	 nan 
2623 	 1 	 0.000000 	 nan 
2624 	 1 	 0.000000 	 nan 
2625 	 1 	 0.000000 	 nan 
2626 	 1 	 0.000000 	 nan 
2627 	 1 	 0.000000 	 nan 
2628 	 1 	 0.000000 	 nan 
2629 	 1 	 0.000000 	 nan 
2630 	 1 	 0.000000 	 nan 
2631 	 1 	 0.000000 	 nan 
2632 	 1 	 0.000000 	 nan 
2633 	 1 	 0.000000 	 nan 
2634 	 1 	 0.000000 	 nan 
2635 	 1 	 0.000000 	 nan 
2636 	 1 	 0.000000 	 nan 
2637 	 1 	 0.000000 	 nan 
2638 	 1 	 0.000000 	 nan 
2639 	 1 	 0.000000 	 nan 
2640 	 1 	 0.000000 	 nan 
2641 	 1 	 0.000000 	 nan 
2642 	 1 	 0.000000 	 nan 
2643 	 1 	 0.000000 	 nan 
2644 	 1 	 0.000000 	 nan 
2645 	 1 	 0.000000 	 nan 
2646 	 1 	 0.000000 	 nan 
2647 	 1 	 0.000000 	 nan 
2648 	 1 	 0.000000 	 nan 
2649 	 1 	 0.000000 	 nan 
2650 	 1 	 0.000000 	 nan 
2651 	 1 	 0.000000 	 nan 
2652 	 1 	 0.000000 	 nan 
2653 	 1 	 0.000000 	 nan 
2654 	 1 	 0.000000 	 nan 
2655 	 1 	 0.000000 	 nan 
2656 	 1 	 0.000000 	 nan 
2657 	 1 	 0.000000 	 nan 
2658 	 1 	 0.000000 	 nan 
2659 	 1 	 0.000000 	 nan 
2660 	 1 	 0.000000 	 nan 
2661 	 1 	 0.000000 	 nan 
2662 	 1 	 0.000000 	 nan 
2663 	 1 	 0.000000 	 nan 
2664 	 1 	 0.000000 	 nan 
2665 	 1 	 0.000000 	 nan 
2666 	 1 	 0.000000 	 nan 
2667 	 1 	 0.000000 	 nan 
2668 	 1 	 0.000000 	 nan 
2669 	 1 	 0.000000 	 nan 
2670 	 1 	 0.000000 	 nan 
2671 	 1 	 0.000000 	 nan 
2672 	 1 	 0.000000 	 nan 
2673 	 1 	 0.000000 	 nan 
2674 	 1 	 0.000000 	 nan 
2675 	 1 	 0.000000 	 nan 
2676 	 1 	 0.000000 	 nan 
2677 	 1 	 0.000000 	 nan 
2678 	 1 	 0.000000 	 nan 
2679 	 1 	 0.000000 	 nan 
2680 	 1 	 0.000000 	 nan 
2681 	 1 	 0.000000 	 nan 
2682 	 1 	 0.000000 	 nan 
2683 	 1 	 0.000000 	 nan 
2684 	 1 	 0.000000 	 nan 
2685 	 1 	 0.000000 	 nan 
2686 	 1 	 0.000000 	 nan 
2687 	 1 	 0.000000 	 nan 
2688 	 1 	 0.000000 	 nan 
2689 	 1 	 0.000000 	 nan 
2690 	 1 	 0.000000 	 nan 
2691 	 1 	 0.000000 	 nan 
2692 	 1 	 0.000000 	 nan 
2693 	 1 	 0.000000 	 nan 
2694 	 1 	 0.000000 	 nan 
2695 	 1 	 0.000000 	 nan 
2696 	 1 	 0.000000 	 nan 
2697 	 1 	 0.000000 	 nan 
2698 	 1 	 0.000000 	 nan 
2699 	 1 	 0.000000 	 nan 
2700 	 1 	 0.000000 	 nan 
2701 	 1 	 0.000000 	 nan 
2702 	 1 	 0.000000 	 nan 
2703 	 1 	 0.000000 	 nan 
2704 	 1 	 0.000000 	 nan 
2705 	 1 	 0.000000 	 nan 
2706 	 1 	 0.000000 	 nan 
2707 	 1 	 0.000000 	 nan 
2708 	 1 	 0.000000 	 nan 
2709 	 1 	 0.000000 	 nan 
2710 	 1 	 0.000000 	 nan 
2711 	 1 	 0.000000 	 nan 
2712 	 1 	 0.000000 	 nan 
2713 	 1 	 0.000000 	 nan 
2714 	 1 	 0.000000 	 nan 
2715 	 1 	 0.000000 	 nan 
2716 	 1 	 0.000000 	 nan 
2717 	 1 	 0.000000 	 nan 
2718 	 1 	 0.000000 	 nan 
2719 	 1 	 0.000000 	 nan 
2720 	 1 	 0.000000 	 nan 
2721 	 1 	 0.000000 	 nan 
2722 	 1 	 0.000000 	 nan 
2723 	 1 	 0.000000 	 nan 
2724 	 1 	 0.000000 	 nan 
2725 	 1 	 0.000000 	 nan 
2726 	 1 	 0.000000 	 nan 
2727 	 1 	 0.000000 	 nan 
2728 	 1 	 0.000000 	 nan 
2729 	 1 	 0.000000 	 nan 
2730 	 1 	 0.000000 	 nan 
2731 	 1 	 0.000000 	 nan 
2732 	 1 	 0.000000 	 nan 
2733 	 1 	 0.000000 	 nan 
2734 	 1 	 0.000000 	 nan 
2735 	 1 	 0.000000 	 nan 
2736 	 1 	 0.000000 	 nan 
2737 	 1 	 0.000000 	 nan 
2738 	 1 	 0.000000 	 nan 
2739 	 1 	 0.000000 	 nan 
2740 	 1 	 0.000000 	 nan 
2741 	 1 	 0.000000 	 nan 
2742 	 1 	 0.000000 	 nan 
2743 	 1 	 0.000000 	 nan 
2744 	 1 	 0.000000 	 nan 
2745 	 1 	 0.000000 	 nan 
2746 	 1 	 0.000000 	 nan 
2747 	 1 	 0.000000 	 nan 
2748 	 1 	 0.000000 	 nan 
2749 	 1 	 0.000000 	 nan 
2750 	 1 	 0.000000 	 nan 
2751 	 1 	 0.000000 	 nan 
2752 	 1 	 0.000000 	 nan 
2753 	 1 	 0.000000 	 nan 
2754 	 1 	 0.000000 	 nan 
2755 	 1 	 0.000000 	 nan 
2756 	 1 	 0.000000 	 nan 
2757 	 1 	 0.000000 	 nan 
2758 	 1 	 0.000000 	 nan 
2759 	 1 	 0.000000 	 nan 
2760 	 1 	 0.000000 	 nan 
2761 	 1 	 0.000000 	 nan 
2762 	 1 	 0.000000 	 nan 
2763 	 1 	 0.000000 	 nan 
2764 	 1 	 0.000000 	 nan 
2765 	 1 	 0.000000 	 nan 
2766 	 1 	 0.000000 	 nan 
2767 	 1 	 0.000000 	 nan 
2768 	 1 	 0.000000 	 nan 
2769 	 1 	 0.000000 	 nan 
2770 	 1 	 0.000000 	 nan 
2771 	 1 	 0.000000 	 nan 
2772 	 1 	 0.000000 	 nan 
2773 	 1 	 0.000000 	 nan 
2774 	 1 	 0.000000 	 nan 
2775 	 1 	 0.000000 	 nan 
2776 	 1 	 0.000000 	 nan 
2777 	 1 	 0.000000 	 nan 
2778 	 1 	 0.000000 	 nan 
2779 	 1 	 0.000000 	 nan 
2780 	 1 	 0.000000 	 nan 
2781 	 1 	 0.000000 	 nan 
2782 	 1 	 0.000000 	 nan 
2783 	 1 	 0.000000 	 nan 
2784 	 1 	 0.000000 	 nan 
2785 	 1 	 0.000000 	 nan 
2786 	 1 	 0.000000 	 nan 
2787 	 1 	 0.000000 	 nan 
2788 	 1 	 0.000000 	 nan 
2789 	 1 	 0.000000 	 nan 
2790 	 1 	 0.000000 	 nan 
2791 	 1 	 0.000000 	 nan 
2792 	 1 	 0.000000 	 nan 
2793 	 1 	 0.000000 	 nan 
2794 	 1 	 0.000000 	 nan 
2795 	 1 	 0.000000 	 nan 
2796 	 1 	 0.000000 	 nan 
2797 	 1 	 0.000000 	 nan 
2798 	 1 	 0.000000 	 nan 
2799 	 1 	 0.000000 	 nan 
2800 	 1 	 0.000000 	 nan 
2801 	 1 	 0.000000 	 nan 
2802 	 1 	 0.000000 	 nan 
2803 	 1 	 0.000000 	 nan 
2804 	 1 	 0.000000 	 nan 
2805 	 1 	 0.000000 	 nan 
2806 	 1 	 0.000000 	 nan 
2807 	 1 	 0.000000 	 nan 
2808 	 1 	 0.000000 	 nan 
2809 	 1 	 0.000000 	 nan 
2810 	 1 	 0.000000 	 nan 
2811 	 1 	 0.000000 	 nan 
2812 	 1 	 0.000000 	 nan 
2813 	 1 	 0.000000 	 nan 
2814 	 1 	 0.000000 	 nan 
2815 	 1 	 0.000000 	 nan 
2816 	 1 	 0.000000 	 nan 
2817 	 1 	 0.000000 	 nan 
2818 	 1 	 0.000000 	 nan 
2819 	 1 	 0.000000 	 nan 
2820 	 1 	 0.000000 	 nan 
2821 	 1 	 0.000000 	 nan 
2822 	 1 	 0.000000 	 nan 
2823 	 1 	 0.000000 	 nan 
2824 	 1 	 0.000000 	 nan 
2825 	 1 	 0.000000 	 nan 
2826 	 1 	 0.000000 	 nan 
2827 	 1 	 0.000000 	 nan 
2828 	 1 	 0.000000 	 nan 
2829 	 1 	 0.000000 	 nan 
2830 	 1 	 0.000000 	 nan 
2831 	 1 	 0.000000 	 nan 
2832 	 1 	 0.000000 	 nan 
2833 	 1 	 0.000000 	 nan 
2834 	 1 	 0.000000 	 nan 
2835 	 1 	 0.000000 	 nan 
2836 	 1 	 0.000000 	 nan 
2837 	 1 	 0.000000 	 nan 
2838 	 1 	 0.000000 	 nan 
2839 	 1 	 0.000000 	 nan 
2840 	 1 	 0.000000 	 nan 
2841 	 1 	 0.000000 	 nan 
2842 	 1 	 0.000000 	 nan 
2843 	 1 	 0.000000 	 nan 
2844 	 1 	 0.000000 	 nan 
2845 	 1 	 0.000000 	 nan 
2846 	 1 	 0.000000 	 nan 
2847 	 1 	 0.000000 	 nan 
2848 	 1 	 0.000000 	 nan 
2849 	 1 	 0.000000 	 nan 
2850 	 1 	 0.000000 	 nan 
2851 	 1 	 0.000000 	 nan 
2852 	 1 	 0.000000 	 nan 
2853 	 1 	 0.000000 	 nan 
2854 	 1 	 0.000000 	 nan 
2855 	 1 	 0.000000 	 nan 
2856 	 1 	 0.000000 	 nan 
2857 	 1 	 0.000000 	 nan 
2858 	 1 	 0.000000 	 nan 
2859 	 1 	 0.000000 	 nan 
2860 	 1 	 0.000000 	 nan 
2861 	 1 	 0.000000 	 nan 
2862 	 1 	 0.000000 	 nan 
2863 	 1 	 0.000000 	 nan 
2864 	 1 	 0.000000 	 nan 
2865 	 1 	 0.000000 	 nan 
2866 	 1 	 0.000000 	 nan 
2867 	 1 	 0.000000 	 nan 
2868 	 1 	 0.000000 	 nan 
2869 	 1 	 0.000000 	 nan 
2870 	 1 	 0.000000 	 nan 
2871 	 1 	 0.000000 	 nan 
2872 	 1 	 0.000000 	 nan 
2873 	 1 	 0.000000 	 nan 
2874 	 1 	 0.000000 	 nan 
2875 	 1 	 0.000000 	 nan 
2876 	 1 	 0.000000 	 nan 
2877 	 1 	 0.000000 	 nan 
2878 	 1 	 0.000000 	 nan 
2879 	 1 	 0.000000 	 nan 
2880 	 1 	 0.000000 	 nan 
2881 	 1 	 0.000000 	 nan 
2882 	 1 	 0.000000 	 nan 
2883 	 1 	 0.000000 	 nan 
2884 	 1 	 0.000000 	 nan 
2885 	 1 	 0.000000 	 nan 
2886 	 1 	 0.000000 	 nan 
2887 	 1 	 0.000000 	 nan 
2888 	 1 	 0.000000 	 nan 
2889 	 1 	 0.000000 	 nan 
2890 	 1 	 0.000000 	 nan 
2891 	 1 	 0.000000 	 nan 
2892 	 1 	 0.000000 	 nan 
2893 	 1 	 0.000000 	 nan 
2894 	 1 	 0.000000 	 nan 
2895 	 1 	 0.000000 	 nan 
2896 	 1 	 0.000000 	 nan 
2897 	 1 	 0.000000 	 nan 
2898 	 1 	 0.000000 	 nan 
2899 	 1 	 0.000000 	 nan 
2900 	 1 	 0.000000 	 nan 
2901 	 1 	 0.000000 	 nan 
2902 	 1 	 0.000000 	 nan 
2903 	 1 	 0.000000 	 nan 
2904 	 1 	 0.000000 	 nan 
2905 	 1 	 0.000000 	 nan 
2906 	 1 	 0.000000 	 nan 
2907 	 1 	 0.000000 	 nan 
2908 	 1 	 0.000000 	 nan 
2909 	 1 	 0.000000 	 nan 
2910 	 1 	 0.000000 	 nan 
2911 	 1 	 0.000000 	 nan 
2912 	 1 	 0.000000 	 nan 
2913 	 1 	 0.000000 	 nan 
2914 	 1 	 0.000000 	 nan 
2915 	 1 	 0.000000 	 nan 
2916 	 1 	 0.000000 	 nan 
2917 	 1 	 0.000000 	 nan 
2918 	 1 	 0.000000 	 nan 
2919 	 1 	 0.000000 	 nan 
2920 	 1 	 0.000000 	 nan 
2921 	 1 	 0.000000 	 nan 
2922 	 1 	 0.000000 	 nan 
2923 	 1 	 0.000000 	 nan 
2924 	 1 	 0.000000 	 nan 
2925 	 1 	 0.000000 	 nan 
2926 	 1 	 0.000000 	 nan 
2927 	 1 	 0.000000 	 nan 
2928 	 1 	 0.000000 	 nan 
2929 	 1 	 0.000000 	 nan 
2930 	 1 	 0.000000 	 nan 
2931 	 1 	 0.000000 	 nan 
2932 	 1 	 0.000000 	 nan 
2933 	 1 	 0.000000 	 nan 
2934 	 1 	 0.000000 	 nan 
2935 	 1 	 0.000000 	 nan 
2936 	 1 	 0.000000 	 nan 
2937 	 1 	 0.000000 	 nan 
2938 	 1 	 0.000000 	 nan 
2939 	 1 	 0.000000 	 nan 
2940 	 1 	 0.000000 	 nan 
2941 	 1 	 0.000000 	 nan 
2942 	 1 	 0.000000 	 nan 
2943 	 1 	 0.000000 	 nan 
2944 	 1 	 0.000000 	 nan 
2945 	 1 	 0.000000 	 nan 
2946 	 1 	 0.000000 	 nan 
2947 	 1 	 0.000000 	 nan 
2948 	 1 	 0.000000 	 nan 
2949 	 1 	 0.000000 	 nan 
2950 	 1 	 0.000000 	 nan 
2951 	 1 	 0.000000 	 nan 
2952 	 1 	 0.000000 	 nan 
2953 	 1 	 0.000000 	 nan 
2954 	 1 	 0.000000 	 nan 
2955 	 1 	 0.000000 	 nan 
2956 	 1 	 0.000000 	 nan 
2957 	 1 	 0.000000 	 nan 
2958 	 1 	 0.000000 	 nan 
2959 	 1 	 0.000000 	 nan 
2960 	 1 	 0.000000 	 nan 
2961 	 1 	 0.000000 	 nan 
2962 	 1 	 0.000000 	 nan 
2963 	 1 	 0.000000 	 nan 
2964 	 1 	 0.000000 	 nan 
2965 	 1 	 0.000000 	 nan 
2966 	 1 	 0.000000 	 nan 
2967 	 1 	 0.000000 	 nan 
2968 	 1 	 0.000000 	 nan 
2969 	 1 	 0.000000 	 nan 
2970 	 1 	 0.000000 	 nan 
2971 	 1 	 0.000000 	 nan 
2972 	 1 	 0.000000 	 nan 
2973 	 1 	 0.000000 	 nan 
2974 	 1 	 0.000000 	 nan 
2975 	 1 	 0.000000 	 nan 
2976 	 1 	 0.000000 	 nan 
2977 	 1 	 0.000000 	 nan 
2978 	 1 	 0.000000 	 nan 
2979 	 1 	 0.000000 	 nan 
2980 	 1 	 0.000000 	 nan 
2981 	 1 	 0.000000 	 nan 
2982 	 1 	 0.000000 	 nan 
2983 	 1 	 0.000000 	 nan 
2984 	 1 	 0.000000 	 nan 
2985 	 1 	 0.000000 	 nan 
2986 	 1 	 0.000000 	 nan 
2987 	 1 	 0.000000 	 nan 
2988 	 1 	 0.000000 	 nan 
2989 	 1 	 0.000000 	 nan 
2990 	 1 	 0.000000 	 nan 
2991 	 1 	 0.000000 	 nan 
2992 	 1 	 0.000000 	 nan 
2993 	 1 	 0.000000 	 nan 
2994 	 1 	 0.000000 	 nan 
2995 	 1 	 0.000000 	 nan 
2996 	 1 	 0.000000 	 nan 
2997 	 1 	 0.000000 	 nan 
2998 	 1 	 0.000000 	 nan 
2999 	 1 	 0.000000 	 nan 
3000 	 1 	 0.000000 	 nan 
3001 	 1 	 0.000000 	 nan 
3002 	 1 	 0.000000 	 nan 
3003 	 1 	 0.000000 	 nan 
3004 	 1 	 0.000000 	 nan 
3005 	 1 	 0.000000 	 nan 
3006 	 1 	 0.000000 	 nan 
3007 	 1 	 0.000000 	 nan 
3008 	 1 	 0.000000 	 nan 
3009 	 1 	 0.000000 	 nan 
3010 	 1 	 0.000000 	 nan 
3011 	 1 	 0.000000 	 nan 
3012 	 1 	 0.000000 	 nan 
3013 	 1 	 0.000000 	 nan 
3014 	 1 	 0.000000 	 nan 
3015 	 1 	 0.000000 	 nan 
3016 	 1 	 0.000000 	 nan 
3017 	 1 	 0.000000 	 nan 
3018 	 1 	 0.000000 	 nan 
3019 	 1 	 0.000000 	 nan 
3020 	 1 	 0.000000 	 nan 
3021 	 1 	 0.000000 	 nan 
3022 	 1 	 0.000000 	 nan 
3023 	 1 	 0.000000 	 nan 
3024 	 1 	 0.000000 	 nan 
3025 	 1 	 0.000000 	 nan 
3026 	 1 	 0.000000 	 nan 
3027 	 1 	 0.000000 	 nan 
3028 	 1 	 0.000000 	 nan 
3029 	 1 	 0.000000 	 nan 
3030 	 1 	 0.000000 	 nan 
3031 	 1 	 0.000000 	 nan 
3032 	 1 	 0.000000 	 nan 
3033 	 1 	 0.000000 	 nan 
3034 	 1 	 0.000000 	 nan 
3035 	 1 	 0.000000 	 nan 
3036 	 1 	 0.000000 	 nan 
3037 	 1 	 0.000000 	 nan 
3038 	 1 	 0.000000 	 nan 
3039 	 1 	 0.000000 	 nan 
3040 	 1 	 0.000000 	 nan 
3041 	 1 	 0.000000 	 nan 
3042 	 1 	 0.000000 	 nan 
3043 	 1 	 0.000000 	 nan 
3044 	 1 	 0.000000 	 nan 
3045 	 1 	 0.000000 	 nan 
3046 	 1 	 0.000000 	 nan 
3047 	 1 	 0.000000 	 nan 
3048 	 1 	 0.000000 	 nan 
3049 	 1 	 0.000000 	 nan 
3050 	 1 	 0.000000 	 nan 
3051 	 1 	 0.000000 	 nan 
3052 	 1 	 0.000000 	 nan 
3053 	 1 	 0.000000 	 nan 
3054 	 1 	 0.000000 	 nan 
3055 	 1 	 0.000000 	 nan 
3056 	 1 	 0.000000 	 nan 
3057 	 1 	 0.000000 	 nan 
3058 	 1 	 0.000000 	 nan 
3059 	 1 	 0.000000 	 nan 
3060 	 1 	 0.000000 	 nan 
3061 	 1 	 0.000000 	 nan 
3062 	 1 	 0.000000 	 nan 
3063 	 1 	 0.000000 	 nan 
3064 	 1 	 0.000000 	 nan 
3065 	 1 	 0.000000 	 nan 
3066 	 1 	 0.000000 	 nan 
3067 	 1 	 0.000000 	 nan 
3068 	 1 	 0.000000 	 nan 
3069 	 1 	 0.000000 	 nan 
3070 	 1 	 0.000000 	 nan 
3071 	 1 	 0.000000 	 nan 
3072 	 1 	 0.000000 	 nan 
3073 	 1 	 0.000000 	 nan 
3074 	 1 	 0.000000 	 nan 
3075 	 1 	 0.000000 	 nan 
3076 	 1 	 0.000000 	 nan 
3077 	 1 	 0.000000 	 nan 
3078 	 1 	 0.000000 	 nan 
3079 	 1 	 0.000000 	 nan 
3080 	 1 	 0.000000 	 nan 
3081 	 1 	 0.000000 	 nan 
3082 	 1 	 0.000000 	 nan 
3083 	 1 	 0.000000 	 nan 
3084 	 1 	 0.000000 	 nan 
3085 	 1 	 0.000000 	 nan 
3086 	 1 	 0.000000 	 nan 
3087 	 1 	 0.000000 	 nan 
3088 	 1 	 0.000000 	 nan 
3089 	 1 	 0.000000 	 nan 
3090 	 1 	 0.000000 	 nan 
3091 	 1 	 0.000000 	 nan 
3092 	 1 	 0.000000 	 nan 
3093 	 1 	 0.000000 	 nan 
3094 	 1 	 0.000000 	 nan 
3095 	 1 	 0.000000 	 nan 
3096 	 1 	 0.000000 	 nan 
3097 	 1 	 0.000000 	 nan 
3098 	 1 	 0.000000 	 nan 
3099 	 1 	 0.000000 	 nan 
3100 	 1 	 0.000000 	 nan 
3101 	 1 	 0.000000 	 nan 
3102 	 1 	 0.000000 	 nan 
3103 	 1 	 0.000000 	 nan 
3104 	 1 	 0.000000 	 nan 
3105 	 1 	 0.000000 	 nan 
3106 	 1 	 0.000000 	 nan 
3107 	 1 	 0.000000 	 nan 
3108 	 1 	 0.000000 	 nan 
3109 	 1 	 0.000000 	 nan 
3110 	 1 	 0.000000 	 nan 
3111 	 1 	 0.000000 	 nan 
3112 	 1 	 0.000000 	 nan 
3113 	 1 	 0.000000 	 nan 
3114 	 1 	 0.000000 	 nan 
3115 	 1 	 0.000000 	 nan 
3116 	 1 	 0.000000 	 nan 
3117 	 1 	 0.000000 	 nan 
3118 	 1 	 0.000000 	 nan 
3119 	 1 	 0.000000 	 nan 
3120 	 1 	 0.000000 	 nan 
3121 	 1 	 0.000000 	 nan 
3122 	 1 	 0.000000 	 nan 
3123 	 1 	 0.000000 	 nan 
3124 	 1 	 0.000000 	 nan 
3125 	 1 	 0.000000 	 nan 
3126 	 1 	 0.000000 	 nan 
3127 	 1 	 0.000000 	 nan 
3128 	 1 	 0.000000 	 nan 
3129 	 1 	 0.000000 	 nan 
3130 	 1 	 0.000000 	 nan 
3131 	 1 	 0.000000 	 nan 
3132 	 1 	 0.000000 	 nan 
3133 	 1 	 0.000000 	 nan 
3134 	 1 	 0.000000 	 nan 
3135 	 1 	 0.000000 	 nan 
3136 	 1 	 0.000000 	 nan 
3137 	 1 	 0.000000 	 nan 
3138 	 1 	 0.000000 	 nan 
3139 	 1 	 0.000000 	 nan 
3140 	 1 	 0.000000 	 nan 
3141 	 1 	 0.000000 	 nan 
3142 	 1 	 0.000000 	 nan 
3143 	 1 	 0.000000 	 nan 
3144 	 1 	 0.000000 	 nan 
3145 	 1 	 0.000000 	 nan 
3146 	 1 	 0.000000 	 nan 
3147 	 1 	 0.000000 	 nan 
3148 	 1 	 0.000000 	 nan 
3149 	 1 	 0.000000 	 nan 
3150 	 1 	 0.000000 	 nan 
3151 	 1 	 0.000000 	 nan 
3152 	 1 	 0.000000 	 nan 
3153 	 1 	 0.000000 	 nan 
3154 	 1 	 0.000000 	 nan 
3155 	 1 	 0.000000 	 nan 
3156 	 1 	 0.000000 	 nan 
3157 	 1 	 0.000000 	 nan 
3158 	 1 	 0.000000 	 nan 
3159 	 1 	 0.000000 	 nan 
