1	1	NA	0
1	2	NA	0
1	3	NA	0
1	4	NA	0
1	5	NA	0
1	6	NA	0
1	7	NA	0
1	8	NA	0
1	9	NA	0
1	10	NA	0
1	11	10	0.437091
2	12	9	0.655141
3	13	10	1.69779
3	14	10	2.15119
4	15	9	2.38526
4	16	5	2.56332
4	17	10	2.7765
4	18	10	2.87983
5	19	8	3.04689
5	20	2	3.06258
5	21	10	3.08554
5	22	10	3.14727
5	23	10	3.15993
5	24	8	3.21285
5	25	4	3.52844
5	26	10	3.54297
5	27	2	3.60933
5	28	4	3.6747
5	29	1	3.67791
5	30	2	3.7922
5	31	5	3.81848
5	32	9	3.84375
5	33	5	3.85471
5	34	10	4.13573
6	35	3	4.35128
6	36	7	4.36594
6	37	3	4.42505
6	38	3	4.47717
6	39	1	4.52593
6	40	4	4.628
6	41	6	4.63883
6	42	8	4.77862
6	43	6	4.81554
6	44	9	4.88661
6	45	10	4.94426
6	46	2	5.00855
7	47	7	5.11467
7	48	7	5.24787
7	49	3	6.22938
8	50	8	6.49779
25	51	1	23.5667
25	52	8	23.8119
25	53	5	23.906
25	54	10	24.2045
27	55	10	25.8266
27	56	10	26.7361
28	57	5	27.5212
29	58	2	27.739
29	59	4	27.7809
29	60	8	27.7989
29	61	7	28.1838
30	62	9	28.2288
30	63	9	28.2557
30	64	8	28.2589
30	65	6	28.3221
30	66	2	28.4122
30	67	7	28.4626
30	68	8	28.6236
30	69	6	28.7919
30	70	9	29.0835
31	71	7	29.4078
31	72	6	29.6837
31	73	7	29.7376
31	74	7	29.7783
31	75	10	30.2263
32	76	2	30.3839
32	77	8	30.4947
32	78	9	30.7426
33	79	4	31.1833
33	80	3	31.2805
33	81	9	31.4294
33	82	3	32.4169
37	83	4	35.826
39	84	5	37.8436
40	85	4	39.2195
46	86	4	44.855
47	87	2	45.9663
47	88	6	46.2973
49	89	7	47.3345
49	90	10	47.387
49	91	5	47.4735
49	92	6	48.3147
50	93	1	48.9243
50	94	9	48.9787
50	95	10	49.2988
51	96	8	49.3816
51	97	3	49.4128
51	98	7	49.4395
51	99	9	49.6543
51	100	9	50.3454
52	101	5	50.5529
52	102	8	51.09
53	103	9	51.3525
53	104	6	51.4369
53	105	10	51.7464
53	106	8	51.7767
53	107	6	52.0306
54	108	1	52.4111
54	109	2	52.7331
54	110	3	53.3359
56	111	4	55.0523
58	112	3	56.3975
58	113	5	57.2304
60	114	4	59.0762
62	115	2	60.6642
62	116	6	60.7546
62	117	3	61.6212
66	118	6	64.6569
66	119	5	64.8023
67	120	1	65.4601
67	121	10	65.7647
67	122	8	66.0389
69	123	4	67.3124
69	124	9	67.3294
69	125	10	68.1691
70	126	9	68.6337
70	127	3	69.242
71	128	8	69.6559
72	129	10	70.9804
72	130	4	71.1239
73	131	3	71.5362
73	132	6	71.9539
73	133	2	72.2388
74	134	9	72.7624
74	135	8	72.9359
74	136	9	72.9453
75	137	9	73.4782
75	138	10	73.6026
76	139	9	75.0149
77	140	6	75.0528
79	141	2	77.0976
79	142	10	77.1408
80	143	6	78.1673
80	144	4	78.6879
80	145	9	79.6251
81	146	8	80.1517
84	147	7	82.3362
89	148	9	87.4633
89	149	5	87.978
90	150	10	89.123
93	151	9	91.6171
93	152	5	91.8773
93	153	1	92.3777
94	154	1	92.6703
94	155	10	93.1045
97	156	2	96.0455
99	157	1	97.1833
99	158	5	97.9839
99	159	6	98.3832
100	160	7	99.1763
101	161	9	99.3653
106	162	9	104.507
106	163	1	104.601
106	164	4	104.923
109	165	4	108.118
110	166	5	108.445
110	167	7	109.014
111	168	2	109.435
112	169	9	110.994
113	170	5	111.963
116	171	4	115.676
117	172	9	115.794
117	173	9	116.272
121	174	10	119.594
121	175	3	119.944
122	176	5	121.611
123	177	10	121.983
123	178	10	122.108
124	179	1	122.127
124	180	6	122.899
125	181	7	124.22
127	182	9	125.579
127	183	3	125.915
128	184	6	127.267
129	185	4	127.399
130	186	6	128.59
130	187	1	128.684
132	188	5	130.321
134	189	4	132.036
134	190	1	132.703
135	191	7	133.514
135	192	1	134.456
136	193	1	134.495
136	194	2	135.139
137	195	2	135.312
137	196	8	135.504
138	197	6	136.411
140	198	2	138.383
140	199	4	139.298
141	200	7	140.086
144	201	7	142.79
144	202	10	142.811
145	203	4	143.826
145	204	10	143.937
146	205	4	145.451
147	206	3	146.351
148	207	2	146.861
148	208	3	147.815
149	209	8	148.759
150	210	2	149.395
151	211	6	149.928
152	212	6	151.156
153	213	10	151.255
153	214	5	151.631
153	215	8	152.253
154	216	10	152.306
154	217	10	153.127
157	218	8	155.177
157	219	6	155.333
158	220	2	156.505
158	221	2	156.686
158	222	10	156.705
159	223	6	157.934
159	224	5	158.717
160	225	4	159.669
161	226	10	159.814
161	227	8	159.96
161	228	2	160.66
162	229	5	160.761
163	230	1	161.789
164	231	1	162.958
164	232	8	163.895
167	233	1	166.038
168	234	4	166.864
168	235	5	167.306
169	236	9	167.932
169	237	10	167.967
170	238	8	169.211
171	239	6	169.235
172	240	2	170.593
173	241	8	171.972
173	242	8	172.36
174	243	8	172.943
174	244	3	173.032
175	245	3	173.951
175	246	3	174.041
176	247	4	174.113
176	248	5	174.238
177	249	2	175.28
177	250	8	175.401
177	251	6	175.847
177	252	9	175.92
177	253	6	176.059
180	254	9	179.029
181	255	6	179.256
181	256	6	179.611
181	257	8	179.882
181	258	8	180.018
183	259	5	181.92
183	260	9	182.278
185	261	6	184.119
187	262	6	185.135
187	263	2	185.263
187	264	5	185.325
187	265	5	185.467
187	266	1	185.641
187	267	7	186.149
188	268	4	186.803
189	269	10	187.407
189	270	2	187.738
189	271	7	188.242
190	272	10	188.51
190	273	10	188.983
190	274	8	189.271
191	275	2	189.656
192	276	4	191.058
193	277	5	191.578
193	278	6	191.864
193	279	7	192.354
194	280	2	192.993
196	281	1	194.344
196	282	6	194.83
197	283	5	195.216
197	284	8	195.308
199	285	8	197.536
199	286	8	198.173
200	287	2	198.557
200	288	5	198.924
201	289	8	199.64
201	290	5	199.88
201	291	5	200.043
203	292	7	201.386
204	293	5	202.585
205	294	5	204.887
207	295	2	206.685
208	296	2	206.892
208	297	2	207.151
209	298	6	207.187
209	299	5	207.889
209	300	6	208.534
211	301	10	209.893
211	302	8	210.091
213	303	2	211.617
213	304	2	211.727
213	305	6	212.087
214	306	5	212.236
214	307	7	212.539
214	308	7	212.649
214	309	9	212.859
215	310	8	214.147
216	311	5	214.427
218	312	3	216.63
218	313	9	216.696
218	314	6	217.166
219	315	6	217.528
219	316	8	217.868
219	317	2	218.495
221	318	10	220.123
222	319	4	221.069
223	320	7	221.535
224	321	8	222.619
224	322	1	222.915
224	323	8	223.254
226	324	7	224.937
226	325	5	225.122
227	326	8	225.779
227	327	7	226.711
230	328	7	229.588
231	329	5	229.789
232	330	3	231.07
233	331	10	231.683
233	332	2	231.823
233	333	3	231.949
233	334	1	232.444
234	335	9	233.123
235	336	6	233.503
235	337	2	234.207
236	338	9	234.331
236	339	1	234.547
236	340	5	234.655
236	341	2	234.777
236	342	6	234.994
236	343	8	235.209
237	344	10	235.759
237	345	8	235.995
237	346	4	236.542
238	347	7	237.056
240	348	6	238.844
240	349	6	239.204
241	350	6	240.093
242	351	10	240.11
242	352	1	240.239
242	353	1	240.496
244	354	6	242.456
244	355	4	242.797
244	356	4	243.739
245	357	1	243.942
245	358	6	244.568
246	359	10	245.525
247	360	8	245.638
248	361	8	246.659
249	362	1	248.052
250	363	10	248.415
250	364	2	249.167
251	365	6	249.492
253	366	8	251.689
253	367	6	251.993
253	368	6	252.013
254	369	5	252.729
256	370	6	255.286
257	371	4	255.683
258	372	5	256.532
258	373	9	256.908
259	374	8	257.248
259	375	3	257.812
260	376	8	259.502
261	377	6	259.728
262	378	2	260.734
262	379	5	260.86
263	380	9	261.525
266	381	5	265.002
268	382	6	266.005
268	383	9	266.039
268	384	4	266.221
268	385	5	266.863
269	386	8	268.216
270	387	6	268.746
271	388	6	269.865
271	389	8	270.741
272	390	6	271.03
273	391	5	271.82
273	392	6	271.899
275	393	6	273.995
275	394	9	274.099
276	395	10	274.267
276	396	6	274.311
276	397	5	274.571
276	398	3	274.846
276	399	10	275.679
277	400	6	276.289
278	401	8	276.661
278	402	6	276.943
279	403	4	278.811
280	404	1	278.879
281	405	8	280.601
282	406	8	280.95
283	407	6	282.82
286	408	6	285.244
287	409	6	285.65
288	410	6	287.11
289	411	6	287.438
289	412	6	287.532
290	413	4	288.532
290	414	4	288.887
292	415	9	291.252
294	416	6	292.409
294	417	10	292.763
295	418	10	293.501
295	419	2	293.561
295	420	10	293.653
295	421	3	294.125
296	422	6	294.412
296	423	4	294.716
297	424	6	295.964
298	425	8	297.042
299	426	9	297.495
299	427	6	297.724
299	428	6	297.878
300	429	4	298.924
301	430	2	300.249
302	431	6	300.653
302	432	6	300.807
302	433	6	301.154
303	434	10	301.486
304	435	6	303.424
305	436	6	304.436
306	437	1	304.593
308	438	10	306.771
308	439	6	307.187
309	440	10	307.238
309	441	1	307.824
309	442	8	308.058
310	443	10	308.205
310	444	5	308.373
310	445	10	308.462
310	446	7	308.583
310	447	10	308.737
310	448	2	309.25
311	449	3	309.747
311	450	4	309.845
311	451	5	310.375
313	452	10	311.552
313	453	3	312.173
314	454	1	312.25
314	455	10	312.315
314	456	7	312.594
314	457	8	313.045
315	458	10	313.087
315	459	4	313.467
315	460	4	314.073
316	461	10	314.353
317	462	10	315.433
317	463	7	315.609
317	464	7	316.438
318	465	7	317.058
322	466	1	320.55
322	467	10	320.946
322	468	8	321.155
324	469	8	322.708
324	470	4	323.537
325	471	5	323.588
325	472	10	323.851
325	473	8	324.508
326	474	10	324.895
327	475	4	326.097
328	476	10	326.306
328	477	7	327.278
329	478	4	327.495
329	479	10	328.186
330	480	2	328.19
333	481	10	331.793
333	482	4	332.063
334	483	5	333.374
336	484	3	334.645
336	485	10	334.698
337	486	10	336.602
338	487	10	337.344
339	488	8	337.488
339	489	8	338.194
340	490	3	339.1
344	491	4	342.129
344	492	7	342.468
344	493	4	343.333
345	494	7	343.648
345	495	3	343.696
345	496	4	343.748
345	497	7	343.772
345	498	8	343.901
345	499	4	344.191
347	500	4	345.661
348	501	3	347.157
349	502	5	347.62
350	503	10	348.418
350	504	3	348.909
350	505	4	348.951
352	506	1	350.217
352	507	1	350.411
353	508	3	351.887
353	509	1	351.944
354	510	1	352.52
354	511	6	353.355
355	512	7	354.223
356	513	3	354.342
356	514	2	354.356
356	515	3	354.403
356	516	8	354.548
356	517	2	355.068
358	518	1	356.715
358	519	1	357.481
360	520	6	358.329
360	521	8	359.126
362	522	10	360.275
362	523	4	360.924
362	524	4	361.07
363	525	5	361.317
363	526	10	361.34
364	527	10	363.15
365	528	5	363.275
365	529	10	363.405
366	530	2	364.427
367	531	4	365.661
368	532	2	366.995
368	533	4	367.278
369	534	3	367.762
369	535	7	367.778
369	536	6	368.373
370	537	10	368.638
370	538	4	369.287
372	539	6	370.909
374	540	10	372.235
374	541	10	372.281
374	542	6	372.856
377	543	2	376.557
379	544	1	377.724
379	545	8	378.264
380	546	6	378.912
380	547	1	379.024
382	548	1	380.595
382	549	5	380.839
382	550	1	380.869
382	551	2	381.356
383	552	10	381.55
383	553	10	381.762
383	554	6	382.107
384	555	3	382.364
384	556	8	382.591
384	557	2	382.927
384	558	1	383.081
385	559	8	383.216
385	560	10	383.836
385	561	10	384.216
386	562	1	384.933
386	563	10	384.982
387	564	2	385.539
387	565	1	385.642
387	566	10	385.781
387	567	5	385.897
387	568	10	385.997
387	569	10	386.076
388	570	3	386.978
388	571	1	387.081
389	572	8	387.277
389	573	6	387.61
390	574	5	388.908
390	575	8	388.929
390	576	10	389.021
392	577	8	390.027
392	578	2	390.419
392	579	2	390.674
392	580	9	390.723
392	581	5	390.951
392	582	9	391.716
393	583	3	391.724
393	584	10	392.296
394	585	10	392.485
394	586	2	392.537
394	587	2	392.941
394	588	10	393.503
395	589	10	393.886
395	590	2	394.159
396	591	9	394.365
396	592	6	394.897
396	593	10	395.761
398	594	6	396.203
398	595	9	396.492
398	596	5	396.758
398	597	5	396.775
399	598	6	397.523
399	599	1	397.895
400	600	5	398.874
401	601	6	400.388
402	602	10	400.734
402	603	6	401.147
403	604	3	401.721
403	605	3	402.087
404	606	5	402.476
404	607	8	402.757
404	608	8	402.977
404	609	6	403.278
407	610	1	405.317
409	611	6	408.506
410	612	8	408.647
410	613	8	408.78
410	614	8	408.822
411	615	8	409.394
411	616	3	409.928
411	617	8	410.581
412	618	2	411.017
413	619	2	411.258
413	620	2	411.774
413	621	8	411.794
413	622	8	411.869
413	623	8	411.87
413	624	6	411.914
413	625	3	412.357
414	626	8	412.937
414	627	4	413.094
415	628	8	413.157
415	629	8	413.249
415	630	8	413.752
415	631	1	414.059
416	632	2	414.077
416	633	8	414.129
416	634	4	414.869
417	635	5	416.51
419	636	2	418.194
420	637	8	418.671
420	638	2	419.113
421	639	8	419.57
421	640	3	420.302
424	641	3	422.328
424	642	8	422.614
424	643	8	422.999
424	644	7	423.849
425	645	7	424.335
428	646	6	426.601
428	647	6	426.902
428	648	3	427.138
429	649	1	428.055
430	650	8	428.059
430	651	2	428.727
430	652	3	428.822
430	653	8	428.887
431	654	3	430.368
432	655	1	430.462
432	656	3	430.57
433	657	3	431.577
433	658	2	431.881
433	659	7	432.05
434	660	1	432.315
435	661	2	433.723
435	662	3	433.826
435	663	1	433.836
435	664	1	434.218
436	665	2	434.478
436	666	6	434.644
436	667	1	435.257
438	668	2	436.647
438	669	8	436.806
438	670	1	437.27
439	671	3	437.429
439	672	5	437.618
439	673	2	438.404
440	674	6	438.657
440	675	6	439.012
441	676	3	439.501
441	677	7	439.863
441	678	2	440.618
442	679	3	440.93
442	680	9	441.654
443	681	1	442.008
444	682	7	442.175
444	683	3	442.321
444	684	2	442.339
444	685	7	442.643
445	686	2	443.666
445	687	2	444.218
446	688	2	444.55
446	689	3	445.771
447	690	2	445.985
447	691	2	446.224
448	692	2	447.007
449	693	5	447.172
449	694	5	447.533
449	695	1	448.409
450	696	3	448.429
450	697	5	449.304
451	698	9	449.412
453	699	3	451.574
453	700	5	451.979
453	701	5	452.043
454	702	3	452.32
454	703	8	452.51
454	704	6	452.631
454	705	7	452.838
454	706	7	452.876
456	707	2	455.492
458	708	7	456.579
458	709	8	456.838
458	710	6	456.963
458	711	8	457.643
459	712	7	457.924
459	713	6	458.018
460	714	7	458.073
460	715	6	459.051
461	716	7	459.946
461	717	6	460.16
462	718	5	460.276
462	719	8	460.944
462	720	5	461.209
463	721	6	461.504
463	722	6	461.568
463	723	3	461.589
463	724	10	461.978
463	725	8	462.654
464	726	3	462.839
465	727	6	463.593
465	728	7	463.626
465	729	8	463.839
465	730	6	463.943
465	731	8	464.153
466	732	5	465.017
467	733	8	465.155
468	734	9	466.652
468	735	6	466.814
468	736	6	466.854
468	737	3	466.984
468	738	8	467.056
469	739	3	467.427
469	740	6	467.977
469	741	3	468.831
470	742	3	468.916
470	743	8	469.317
471	744	8	469.403
471	745	9	470.388
472	746	6	470.468
472	747	6	470.897
473	748	6	471.923
473	749	5	472.01
474	750	8	472.023
476	751	8	474.492
476	752	5	474.836
476	753	1	474.864
476	754	8	475.074
477	755	7	475.664
477	756	5	475.701
477	757	8	475.76
477	758	8	475.863
477	759	2	476.029
478	760	5	476.235
478	761	8	476.27
478	762	5	476.761
478	763	7	477.125
479	764	5	477.365
479	765	8	477.381
479	766	8	477.731
479	767	8	478.051
480	768	3	478.245
480	769	7	478.422
480	770	8	479.332
481	771	5	479.484
481	772	5	480.245
482	773	5	480.449
482	774	5	480.582
482	775	5	480.689
482	776	8	481.028
483	777	3	481.542
483	778	3	481.658
484	779	8	482.738
485	780	8	484.056
486	781	7	484.548
489	782	8	488.279
490	783	7	488.367
490	784	8	488.564
490	785	4	489.151
491	786	10	489.966
492	787	8	490.492
493	788	8	491.562
493	789	7	491.748
494	790	3	492.192
494	791	9	492.409
494	792	7	493.022
495	793	1	493.599
495	794	8	493.608
495	795	8	493.618
495	796	7	493.856
495	797	9	493.913
495	798	1	494.02
496	799	9	494.379
496	800	8	494.45
496	801	2	494.628
496	802	7	495.137
497	803	3	495.168
497	804	9	495.422
497	805	7	495.844
498	806	3	496.191
498	807	8	496.436
498	808	3	496.807
498	809	3	497.103
499	810	7	497.709
499	811	7	498.029
500	812	7	498.082
500	813	9	498.09
500	814	7	498.7
500	815	1	498.96
500	816	7	499.384
501	817	9	499.468
501	818	8	499.919
506	819	8	505.003
508	820	2	506.946
508	821	9	507.394
509	822	8	507.671
509	823	4	507.892
509	824	9	508.177
510	825	4	508.204
511	826	9	509.905
511	827	9	510.091
512	828	1	510.577
512	829	9	510.692
512	830	8	511.201
513	831	9	511.38
513	832	10	511.442
513	833	3	511.536
513	834	8	512.147
514	835	8	512.243
514	836	5	512.613
514	837	2	513.112
516	838	7	514.957
516	839	5	515.009
517	840	4	515.382
517	841	6	515.589
517	842	9	515.801
517	843	8	516.24
518	844	2	516.718
518	845	7	516.806
518	846	4	516.972
518	847	1	517.409
519	848	7	517.435
519	849	4	517.444
519	850	7	517.481
519	851	7	517.588
519	852	4	518.114
520	853	7	518.349
520	854	1	518.376
520	855	7	518.702
521	856	4	519.172
521	857	7	519.555
521	858	2	519.66
521	859	7	519.785
521	860	7	519.987
522	861	4	520.343
522	862	2	520.597
522	863	4	520.917
522	864	9	521.412
523	865	4	521.843
523	866	4	522.026
524	867	4	522.793
524	868	9	523.101
525	869	1	523.438
525	870	4	523.439
525	871	4	523.719
529	872	7	527.941
529	873	7	528.262
530	874	4	528.355
530	875	8	528.579
531	876	7	529.669
531	877	7	530.257
532	878	9	530.429
532	879	4	530.99
532	880	4	531.14
534	881	7	532.648
534	882	9	532.749
535	883	4	533.744
535	884	4	534.037
536	885	4	534.281
536	886	4	534.465
536	887	4	534.533
536	888	9	534.567
536	889	4	534.585
537	890	4	535.73
537	891	4	535.761
537	892	4	535.78
537	893	4	536.05
538	894	7	536.863
538	895	7	537.207
539	896	4	537.363
539	897	9	537.404
539	898	9	537.559
539	899	9	537.678
539	900	10	538.038
540	901	7	538.154
540	902	8	538.586
540	903	7	538.997
540	904	9	539.208
541	905	9	539.785
541	906	7	539.811
541	907	7	539.83
541	908	9	540.034
542	909	7	540.116
542	910	7	540.685
542	911	9	541.173
543	912	4	541.4
543	913	9	542.058
544	914	236	542.287
544	915	9	542.475
544	916	7	542.498
544	917	8	543.165
545	918	10	543.883
545	919	9	544.418
548	920	6	546.55
548	921	6	546.602
548	922	5	546.766
548	923	8	547.134
549	924	9	547.233
549	925	7	547.543
550	926	9	549.009
551	927	9	549.03
551	928	1	549.558
551	929	9	550.111
552	930	5	550.53
552	931	9	551.122
553	932	9	552.224
554	933	5	552.246
554	934	9	552.565
554	935	4	552.935
554	936	9	553.461
555	937	1	553.761
555	938	4	554.189
556	939	192	554.509
556	940	9	554.797
556	941	7	554.883
556	942	5	554.933
556	943	9	554.992
556	944	1	555.054
557	945	9	555.236
557	946	7	555.253
557	947	5	555.655
557	948	192	555.892
557	949	1	556.215
558	950	4	556.248
558	951	9	556.751
558	952	9	556.845
558	953	9	556.891
558	954	4	556.958
558	955	2	557.599
559	956	7	558.107
560	957	4	558.275
560	958	7	558.342
560	959	1	559.103
561	960	8	559.637
561	961	7	559.694
561	962	7	559.795
561	963	5	559.977
561	964	7	560.042
562	965	7	560.128
562	966	9	560.255
562	967	7	560.409
562	968	5	560.637
562	969	7	560.695
562	970	7	560.748
562	971	1	560.757
562	972	5	561.499
564	973	7	563.176
565	974	9	563.284
566	975	7	565.167
567	976	9	565.451
567	977	9	565.483
567	978	1	565.957
567	979	236	566.354
568	980	9	567.018
569	981	9	567.615
569	982	236	568.167
570	983	9	568.293
570	984	236	568.768
570	985	192	569.114
571	986	5	570.335
572	987	6	570.761
572	988	6	570.98
573	989	8	571.212
573	990	5	571.478
573	991	5	571.708
573	992	10	571.84
573	993	192	571.884
574	994	192	573.138
575	995	9	573.149
575	996	10	573.903
575	997	236	573.929
575	998	9	574.252
576	999	10	574.319
577	1000	236	575.855
577	1001	1	576.089
578	1002	5	576.157
578	1003	392	576.341
578	1004	236	576.852
578	1005	192	576.88
578	1006	192	577.195
579	1007	9	577.592
579	1008	192	577.749
579	1009	9	577.778
579	1010	9	578.273
580	1011	236	578.599
580	1012	236	579.042
581	1013	192	579.374
581	1014	7	579.573
581	1015	192	579.663
581	1016	9	580.234
582	1017	192	580.497
582	1018	236	580.505
584	1019	9	582.724
584	1020	9	583.274
585	1021	192	583.401
585	1022	236	583.641
586	1023	7	584.941
586	1024	192	585.854
587	1025	236	585.897
588	1026	5	587.415
589	1027	192	587.789
589	1028	236	587.827
589	1029	192	588.127
590	1030	192	588.578
590	1031	5	588.655
590	1032	192	588.703
590	1033	8	588.928
590	1034	8	588.996
591	1035	1	589.412
591	1036	192	589.724
591	1037	236	589.762
591	1038	192	589.902
591	1039	5	590.062
592	1040	8	590.185
592	1041	8	590.259
592	1042	192	590.694
592	1043	192	590.766
593	1044	192	591.536
593	1045	192	591.602
593	1046	4	591.696
594	1047	5	592.192
594	1048	236	592.778
594	1049	192	593.376
595	1050	192	593.4
595	1051	192	593.734
595	1052	8	593.958
596	1053	192	594.31
596	1054	1	595.158
597	1055	192	595.295
597	1056	192	595.478
597	1057	192	595.481
597	1058	192	596.317
598	1059	8	596.7
599	1060	192	597.705
599	1061	192	597.838
599	1062	236	597.862
599	1063	192	598.25
600	1064	192	599.619
601	1065	192	600.353
602	1066	10	601.13
604	1067	192	602.895
604	1068	192	602.974
604	1069	1	603.613
605	1070	192	603.904
605	1071	192	604.012
607	1072	192	605.599
607	1073	8	605.786
607	1074	8	606.04
608	1075	192	606.547
609	1076	192	607.792
609	1077	192	607.962
610	1078	8	608.573
610	1079	192	608.737
610	1080	192	608.818
610	1081	192	609.003
611	1082	192	609.303
611	1083	192	609.607
611	1084	192	609.626
611	1085	192	609.701
611	1086	192	609.711
611	1087	192	610.143
612	1088	192	610.228
612	1089	236	610.319
612	1090	8	610.823
612	1091	8	610.904
613	1092	8	611.794
613	1093	10	611.816
613	1094	8	611.917
613	1095	5	612.579
614	1096	5	612.625
614	1097	236	612.767
614	1098	6	612.967
615	1099	192	613.127
615	1100	236	613.467
615	1101	5	613.487
615	1102	8	613.6
615	1103	8	613.74
615	1104	8	614.393
616	1105	5	614.423
616	1106	236	614.466
616	1107	5	614.601
616	1108	8	614.77
616	1109	392	615.084
617	1110	5	615.128
617	1111	8	615.27
617	1112	8	615.271
617	1113	392	615.502
617	1114	236	615.568
617	1115	4	615.575
617	1116	5	615.576
617	1117	5	615.643
617	1118	392	615.744
617	1119	8	615.845
617	1120	5	615.928
617	1121	392	616.11
618	1122	291	616.393
618	1123	5	616.448
618	1124	291	616.614
618	1125	236	616.631
618	1126	8	616.649
618	1127	236	616.716
618	1128	369	616.897
618	1129	152	617.182
619	1130	291	617.323
619	1131	4	617.347
619	1132	8	617.885
619	1133	8	618.447
620	1134	5	618.804
620	1135	5	618.837
620	1136	8	618.946
620	1137	8	619.022
621	1138	8	620.194
622	1139	392	620.359
622	1140	152	620.615
623	1141	8	621.899
623	1142	8	622.074
624	1143	392	622.285
624	1144	5	623.002
625	1145	8	624.614
626	1146	8	625.452
628	1147	8	626.633
629	1148	8	627.956
629	1149	10	628.456
630	1150	8	628.728
630	1151	236	629.672
631	1152	5	630.299
632	1153	10	630.467
632	1154	8	631.038
633	1155	152	631.201
633	1156	236	631.498
633	1157	291	631.786
633	1158	236	632.673
634	1159	8	632.718
634	1160	8	632.883
635	1161	192	634.051
636	1162	5	634.811
636	1163	291	635.441
637	1164	392	635.613
637	1165	5	635.901
637	1166	4	635.958
638	1167	331	636.212
638	1168	10	636.346
638	1169	291	636.857
638	1170	8	636.984
638	1171	369	637.024
639	1172	236	637.061
639	1173	331	637.415
639	1174	236	637.512
639	1175	192	637.587
639	1176	331	638.254
640	1177	331	638.347
640	1178	10	638.512
640	1179	592	638.701
640	1180	439	638.724
640	1181	10	638.881
640	1182	392	639.031
641	1183	236	639.102
641	1184	236	639.316
641	1185	392	639.869
641	1186	236	640.276
642	1187	192	640.304
642	1188	392	640.378
642	1189	392	640.524
642	1190	6	641.185
643	1191	592	641.205
643	1192	439	641.567
643	1193	331	641.631
643	1194	192	642.51
644	1195	392	643.058
645	1196	331	643.107
649	1197	331	647.113
651	1198	439	649.789
651	1199	392	650.238
652	1200	331	650.795
653	1201	236	652.076
656	1202	331	654.441
657	1203	392	655.779
657	1204	331	656.373
658	1205	439	657.02
659	1206	439	657.472
659	1207	236	657.507
659	1208	8	658.061
660	1209	10	658.217
660	1210	392	658.433
660	1211	5	658.526
660	1212	10	659.175
661	1213	331	659.39
661	1214	439	659.499
661	1215	2	659.85
661	1216	331	660.191
662	1217	236	660.228
662	1218	236	660.402
662	1219	152	660.538
662	1220	392	660.701
662	1221	8	661.083
663	1222	331	661.395
663	1223	331	661.497
663	1224	331	661.576
663	1225	392	662.47
664	1226	331	662.657
664	1227	8	662.728
664	1228	331	663.675
665	1229	331	663.782
665	1230	331	663.993
665	1231	8	664.18
666	1232	369	664.334
666	1233	8	664.584
666	1234	331	664.594
666	1235	331	664.64
666	1236	331	665.111
667	1237	8	665.498
667	1238	331	665.775
667	1239	331	665.788
667	1240	331	666.005
668	1241	331	666.336
668	1242	331	666.506
668	1243	331	666.568
668	1244	291	666.848
668	1245	331	667.082
669	1246	369	667.831
669	1247	331	668.829
670	1248	331	669.228
671	1249	10	669.47
671	1250	331	669.679
671	1251	8	669.785
671	1252	331	669.935
671	1253	331	670.849
672	1254	152	670.876
673	1255	291	671.973
675	1256	331	674.718
676	1257	331	674.926
676	1258	331	675.307
678	1259	331	676.773
679	1260	331	677.072
679	1261	331	677.431
679	1262	331	678.497
682	1263	331	680.723
682	1264	331	680.964
682	1265	291	681.122
683	1266	152	681.389
683	1267	8	682.133
684	1268	331	682.45
684	1269	8	682.691
684	1270	8	682.763
684	1271	152	683.221
685	1272	331	683.27
685	1273	331	683.376
685	1274	291	683.585
685	1275	369	684.118
686	1276	331	684.5
687	1277	291	685.415
687	1278	369	685.669
687	1279	8	685.767
687	1280	8	685.82
687	1281	152	685.908
687	1282	331	686.312
688	1283	331	686.904
688	1284	8	686.909
688	1285	8	687.032
689	1286	331	687.104
689	1287	8	687.217
689	1288	369	687.569
689	1289	8	687.584
689	1290	369	687.61
689	1291	331	687.689
689	1292	8	687.703
689	1293	8	688.026
690	1294	369	688.14
690	1295	291	688.215
690	1296	369	688.644
690	1297	369	688.678
690	1298	8	688.765
690	1299	8	688.899
690	1300	693	688.993
691	1301	291	689.354
691	1302	291	689.442
691	1303	152	689.875
691	1304	291	690.399
692	1305	8	690.551
692	1306	331	690.606
692	1307	331	690.682
692	1308	291	690.99
692	1309	331	691.016
693	1310	8	691.2
693	1311	8	691.701
693	1312	8	691.851
693	1313	152	691.971
693	1314	8	692.107
694	1315	8	692.612
694	1316	331	692.887
695	1317	291	693.133
695	1318	291	694.097
697	1319	291	695.705
697	1320	331	695.905
697	1321	331	696.028
698	1322	152	696.322
698	1323	331	696.473
698	1324	331	696.492
698	1325	8	696.587
698	1326	331	696.961
699	1327	331	697.396
699	1328	331	697.76
699	1329	331	697.909
699	1330	236	697.957
700	1331	8	698.04
700	1332	331	698.459
700	1333	331	698.667
701	1334	8	699.767
701	1335	392	700.341
702	1336	331	700.396
702	1337	236	700.54
702	1338	392	700.585
702	1339	439	700.746
703	1340	439	701.155
703	1341	392	701.157
703	1342	236	701.2
703	1343	392	701.557
703	1344	392	701.592
703	1345	331	701.631
703	1346	439	701.685
703	1347	392	701.715
703	1348	236	701.908
703	1349	392	701.933
703	1350	236	702.031
704	1351	392	702.074
704	1352	392	702.17
704	1353	392	702.17
704	1354	4	702.184
704	1355	392	702.199
704	1356	236	702.298
704	1357	392	702.338
704	1358	236	702.37
705	1359	392	703.052
705	1360	392	703.176
705	1361	236	703.305
705	1362	439	703.513
705	1363	2	703.591
705	1364	392	703.818
705	1365	439	704.031
707	1366	236	705.411
707	1367	8	706.087
708	1368	439	706.987
709	1369	8	708.932
711	1370	8	709.294
711	1371	152	709.882
711	1372	8	709.903
711	1373	8	710.05
712	1374	8	710.417
712	1375	8	711.083
713	1376	152	711.184
713	1377	291	711.408
713	1378	8	711.492
714	1379	8	712.275
714	1380	8	712.494
714	1381	8	712.662
714	1382	369	712.826
715	1383	8	713.056
715	1384	8	713.091
715	1385	8	713.161
715	1386	152	713.552
715	1387	8	713.579
715	1388	369	714.018
716	1389	152	714.197
716	1390	8	714.522
716	1391	291	715.28
717	1392	8	715.326
717	1393	152	715.333
717	1394	8	715.493
717	1395	291	716.218
718	1396	152	716.561
718	1397	152	716.991
720	1398	8	718.814
722	1399	236	720.866
722	1400	8	721.092
723	1401	8	721.157
723	1402	8	721.93
724	1403	236	722.714
724	1404	8	723.358
725	1405	8	723.36
725	1406	392	723.587
725	1407	392	723.966
726	1408	8	724.057
726	1409	236	724.214
727	1410	236	725.277
727	1411	4	725.879
727	1412	236	725.998
727	1413	236	726.111
728	1414	236	726.114
728	1415	236	726.479
728	1416	875	726.507
728	1417	236	726.564
728	1418	236	726.933
728	1419	875	727.039
729	1420	8	727.277
729	1421	687	727.367
729	1422	236	727.581
729	1423	236	727.946
730	1424	236	728.13
730	1425	875	728.204
730	1426	4	728.242
730	1427	236	728.364
730	1428	236	728.377
730	1429	875	728.787
730	1430	661	729.45
731	1431	875	729.534
731	1432	8	729.916
731	1433	4	729.986
731	1434	236	730.539
732	1435	236	730.814
733	1436	8	731.838
735	1437	687	734.805
736	1438	875	735.199
737	1439	875	736.08
738	1440	875	736.45
739	1441	8	737.841
739	1442	369	738.072
741	1443	875	739.165
741	1444	875	739.833
741	1445	270	740.508
742	1446	687	740.559
742	1447	8	740.946
742	1448	875	741.196
743	1449	875	741.706
743	1450	8	741.858
743	1451	8	741.979
743	1452	152	741.981
743	1453	369	742.448
744	1454	737	742.633
744	1455	8	742.974
744	1456	291	743.159
745	1457	369	743.529
745	1458	291	743.733
745	1459	152	743.774
745	1460	152	743.851
745	1461	291	743.879
746	1462	152	744.611
746	1463	152	744.626
746	1464	369	744.85
746	1465	369	744.878
746	1466	152	744.999
747	1467	152	745.174
747	1468	369	745.31
747	1469	291	745.432
747	1470	152	745.559
747	1471	152	745.77
747	1472	693	746.064
748	1473	8	746.187
748	1474	369	746.469
748	1475	291	746.641
748	1476	291	746.784
748	1477	875	746.83
748	1478	291	747.003
749	1479	270	747.005
749	1480	152	747.068
749	1481	152	747.36
749	1482	152	747.799
750	1483	8	749.835
752	1484	270	750.339
752	1485	270	750.374
752	1486	270	750.486
752	1487	337	750.619
753	1488	270	751.143
753	1489	337	751.287
753	1490	337	751.363
753	1491	337	751.823
753	1492	270	751.858
753	1493	270	751.875
754	1494	737	752.043
754	1495	337	752.186
754	1496	739	752.421
754	1497	8	752.425
754	1498	337	752.55
754	1499	270	752.655
754	1500	270	752.706
754	1501	337	753.115
755	1502	270	753.349
755	1503	270	753.51
755	1504	337	753.511
755	1505	737	753.53
755	1506	739	753.675
755	1507	739	753.693
755	1508	8	753.697
755	1509	737	753.729
755	1510	337	753.833
755	1511	737	753.921
755	1512	270	754.041
756	1513	1100	754.185
756	1514	270	754.2
756	1515	737	754.237
756	1516	270	754.421
756	1517	270	754.43
756	1518	270	754.467
756	1519	270	754.683
756	1520	270	754.855
756	1521	270	755.005
757	1522	337	755.034
757	1523	337	755.296
757	1524	737	755.698
757	1525	270	756.267
758	1526	270	756.355
764	1527	875	762.763
764	1528	8	763.299
765	1529	875	763.323
765	1530	8	763.873
765	1531	8	764.034
766	1532	8	764.088
766	1533	8	764.233
766	1534	8	764.781
766	1535	687	765.204
767	1536	687	765.346
767	1537	661	765.388
767	1538	875	765.553
767	1539	687	765.629
767	1540	661	765.638
767	1541	687	765.896
767	1542	661	765.913
767	1543	398	765.94
767	1544	661	766.005
768	1545	687	766.185
768	1546	687	766.233
768	1547	661	766.284
768	1548	661	766.389
768	1549	687	766.451
768	1550	687	766.904
768	1551	8	767.08
769	1552	687	767.104
769	1553	687	767.22
769	1554	398	767.235
769	1555	687	767.645
769	1556	661	767.68
769	1557	875	767.692
769	1558	687	767.722
769	1559	661	768.325
770	1560	661	768.342
770	1561	687	768.414
770	1562	687	768.554
771	1563	687	770.312
774	1564	398	773.064
775	1565	661	773.711
780	1566	270	778.45
780	1567	739	778.547
780	1568	739	778.854
780	1569	398	778.977
781	1570	398	779.223
781	1571	739	779.486
781	1572	737	779.585
781	1573	1100	779.673
781	1574	737	779.916
781	1575	739	780.109
782	1576	398	780.16
782	1577	398	780.191
782	1578	398	780.294
782	1579	398	780.523
782	1580	398	780.604
782	1581	398	780.86
782	1582	398	780.877
782	1583	398	781.131
783	1584	398	781.225
783	1585	398	781.262
783	1586	737	781.404
783	1587	398	781.571
783	1588	398	781.661
783	1589	398	781.662
783	1590	398	781.837
783	1591	398	781.967
783	1592	398	782.006
784	1593	737	782.048
784	1594	398	782.113
784	1595	398	782.188
784	1596	737	782.279
784	1597	398	782.493
784	1598	398	782.722
784	1599	398	782.844
785	1600	398	783.121
785	1601	398	783.402
785	1602	398	783.7
786	1603	398	784.825
787	1604	398	786.77
788	1605	398	786.845
788	1606	398	786.932
792	1607	398	790.964
793	1608	398	792.467
795	1609	398	794.584
796	1610	398	794.87
799	1611	1100	797.781
800	1612	1100	798.19
800	1613	1100	798.235
800	1614	1100	798.281
800	1615	1100	798.464
800	1616	1100	798.837
800	1617	1100	798.937
801	1618	502	799.051
801	1619	1100	799.053
801	1620	1100	799.065
801	1621	502	799.174
801	1622	1100	799.256
801	1623	1100	799.311
801	1624	1100	799.387
801	1625	1274	799.396
801	1626	1274	799.469
801	1627	1100	799.666
801	1628	1100	799.686
801	1629	1100	799.785
802	1630	1274	800.047
802	1631	1100	800.064
802	1632	1330	800.09
802	1633	1100	800.099
802	1634	502	800.101
802	1635	1274	800.221
802	1636	502	800.231
802	1637	502	800.311
802	1638	1274	800.33
802	1639	1100	800.344
802	1640	502	800.817
802	1641	1274	800.829
802	1642	1274	800.884
802	1643	1100	800.927
802	1644	1274	801.088
803	1645	1100	801.162
803	1646	1274	801.429
803	1647	1274	801.921
803	1648	1100	801.942
803	1649	1274	802.248
804	1650	1274	802.397
804	1651	1459	802.488
805	1652	1274	803.26
805	1653	1274	803.335
805	1654	502	803.393
805	1655	1274	803.686
805	1656	1274	803.949
805	1657	1274	804.016
806	1658	502	804.077
806	1659	502	804.221
806	1660	502	804.253
806	1661	502	804.492
806	1662	1100	804.678
806	1663	502	804.742
806	1664	502	804.802
806	1665	1274	804.813
806	1666	502	805.086
807	1667	502	805.253
807	1668	1274	805.303
807	1669	502	805.483
807	1670	1274	805.613
807	1671	1274	805.929
807	1672	502	806.294
808	1673	502	806.596
808	1674	1274	806.692
808	1675	502	806.896
808	1676	1274	807.7
809	1677	1459	807.968
809	1678	1274	808.006
810	1679	1274	808.535
810	1680	502	808.633
810	1681	502	809.197
811	1682	502	810.005
813	1683	1274	812.069
816	1684	1274	814.838
819	1685	502	817.621
820	1686	1274	818.586
820	1687	398	818.717
820	1688	1274	818.745
820	1689	398	819.077
822	1690	398	820.448
822	1691	398	820.893
822	1692	398	821.046
823	1693	398	821.071
823	1694	398	821.253
823	1695	398	821.37
823	1696	398	821.383
823	1697	398	821.474
823	1698	398	821.84
823	1699	398	822.277
824	1700	737	822.332
824	1701	398	822.398
824	1702	739	822.428
824	1703	739	822.429
824	1704	398	822.48
824	1705	398	822.562
824	1706	739	822.631
824	1707	398	822.698
824	1708	737	822.704
824	1709	398	822.939
824	1710	398	823.013
825	1711	398	823.247
825	1712	398	823.302
825	1713	737	823.334
825	1714	398	823.991
825	1715	398	824.323
826	1716	739	824.507
826	1717	739	824.823
826	1718	739	824.9
826	1719	739	824.995
826	1720	737	825.305
827	1721	398	825.472
827	1722	739	825.667
827	1723	737	825.678
827	1724	737	825.684
827	1725	739	825.826
827	1726	739	825.919
827	1727	1443	825.93
827	1728	737	826.05
828	1729	737	826.105
828	1730	737	826.459
828	1731	739	826.625
828	1732	737	826.71
828	1733	739	826.863
828	1734	737	826.863
828	1735	737	826.866
828	1736	739	826.898
828	1737	737	827.212
829	1738	712	827.34
829	1739	739	827.426
829	1740	737	827.542
829	1741	739	827.639
829	1742	737	827.673
829	1743	737	827.802
829	1744	739	827.939
829	1745	737	827.982
829	1746	737	828.015
830	1747	739	828.168
830	1748	737	828.538
830	1749	398	828.851
830	1750	737	829.53
831	1751	739	829.634
832	1752	398	830.578
833	1753	398	831.807
835	1754	502	833.179
835	1755	1443	833.639
836	1756	1431	834.436
836	1757	1274	834.519
836	1758	1274	834.745
836	1759	502	834.803
836	1760	1431	834.955
836	1761	502	834.959
836	1762	398	835.228
837	1763	1274	835.743
837	1764	1274	835.813
837	1765	398	835.875
837	1766	502	836.515
838	1767	1443	837.054
839	1768	1431	837.171
839	1769	1431	837.238
839	1770	1274	837.598
839	1771	1443	838.703
840	1772	1443	838.924
840	1773	1274	838.965
840	1774	502	839.099
841	1775	712	839.477
841	1776	1274	839.595
841	1777	1274	839.971
841	1778	755	839.998
841	1779	1121	840.126
842	1780	1431	841.367
843	1781	1431	841.763
843	1782	1274	841.998
843	1783	398	842.59
844	1784	1443	843.515
845	1785	1431	843.641
845	1786	1530	844.236
846	1787	712	845.036
848	1788	1431	846.339
848	1789	712	846.546
848	1790	755	847.128
849	1791	712	847.596
849	1792	1443	847.651
849	1793	1431	847.658
850	1794	1443	848.778
850	1795	1431	848.862
850	1796	755	849.099
851	1797	1121	849.458
851	1798	1431	850.123
852	1799	1443	850.24
852	1800	1431	850.305
852	1801	1443	850.338
852	1802	1431	850.448
852	1803	1431	850.601
852	1804	1431	850.912
852	1805	1431	851.142
853	1806	1431	851.469
853	1807	1431	852.156
854	1808	1121	852.394
856	1809	1431	854.803
856	1810	1431	854.944
857	1811	1431	856.056
861	1812	1431	859.737
862	1813	712	861.271
863	1814	755	861.484
864	1815	712	863.14
865	1816	712	863.318
865	1817	1121	863.57
865	1818	1121	863.635
865	1819	755	864.139
866	1820	1121	864.157
866	1821	712	864.268
866	1822	712	864.507
866	1823	712	864.538
866	1824	755	864.693
866	1825	1121	864.837
866	1826	712	865.166
867	1827	1121	865.274
867	1828	712	865.45
867	1829	755	865.564
867	1830	712	865.638
867	1831	712	865.833
867	1832	755	865.98
867	1833	755	865.991
867	1834	1121	866.178
868	1835	755	866.415
868	1836	712	867.031
869	1837	712	867.417
869	1838	712	867.619
869	1839	712	867.77
869	1840	1121	867.791
869	1841	1121	867.835
869	1842	712	867.854
869	1843	1121	868.734
872	1844	712	870.917
872	1845	712	871.588
873	1846	712	871.596
883	1847	1330	881.51
883	1848	1121	882.237
884	1849	712	882.252
884	1850	1121	882.701
885	1851	1121	884.514
886	1852	1121	884.706
886	1853	1121	884.787
886	1854	712	884.791
886	1855	1121	884.913
886	1856	712	885.525
887	1857	1100	885.642
887	1858	1121	885.809
887	1859	1121	885.897
887	1860	712	886.022
888	1861	1121	886.056
888	1862	1121	886.118
888	1863	1121	886.22
888	1864	1121	886.343
888	1865	1121	886.531
888	1866	1121	886.538
888	1867	712	886.545
888	1868	1121	886.575
888	1869	1121	886.601
888	1870	1121	886.632
888	1871	1121	886.836
888	1872	1121	886.863
888	1873	1121	886.934
888	1874	1121	886.937
888	1875	1121	887.254
889	1876	1121	887.467
889	1877	1121	887.591
889	1878	1121	887.757
889	1879	1121	887.786
889	1880	1121	888.007
890	1881	1121	888.16
890	1882	712	888.311
890	1883	1121	888.4
890	1884	1121	888.407
890	1885	1121	888.437
890	1886	1121	888.664
890	1887	1121	888.808
891	1888	1121	889.171
891	1889	1121	889.213
891	1890	1619	889.221
891	1891	1431	889.234
891	1892	1121	889.552
891	1893	1121	889.565
892	1894	1121	890.439
892	1895	1121	890.554
892	1896	1121	891.337
893	1897	1121	891.725
893	1898	1121	891.847
893	1899	1121	892.02
894	1900	1121	892.684
895	1901	1121	894.535
898	1902	1121	897.303
900	1903	1121	898.912
902	1904	1121	901.877
904	1905	1121	902.907
905	1906	1619	903.55
905	1907	1619	903.606
905	1908	1100	903.805
905	1909	1100	903.833
905	1910	1330	903.844
905	1911	1100	903.853
905	1912	1100	903.885
905	1913	755	903.96
905	1914	1619	904.074
906	1915	1619	904.209
906	1916	1619	904.24
906	1917	1619	904.264
906	1918	1100	904.289
906	1919	1619	904.532
906	1920	1100	904.603
906	1921	1619	904.651
906	1922	1100	904.654
906	1923	1619	904.815
906	1924	1100	904.941
906	1925	1100	905
907	1926	1100	905.037
907	1927	1100	905.074
907	1928	1100	905.249
907	1929	1619	905.295
907	1930	1619	905.367
907	1931	1100	905.544
907	1932	1619	905.646
907	1933	1619	905.708
907	1934	1619	905.715
907	1935	1619	905.758
907	1936	1619	905.802
907	1937	1619	905.86
907	1938	1619	905.868
907	1939	1100	905.871
907	1940	1100	905.885
907	1941	1619	906.124
908	1942	1619	906.166
908	1943	1619	906.249
908	1944	1619	906.348
908	1945	1619	906.393
908	1946	1100	906.547
908	1947	1619	906.584
908	1948	1619	906.681
908	1949	1619	907.079
909	1950	1619	907.175
909	1951	1619	907.176
909	1952	1100	907.671
909	1953	1619	908.444
910	1954	1619	908.945
911	1955	1330	909.595
911	1956	1619	909.971
911	1957	1619	910.906
916	1958	1619	915.11
918	1959	1619	916.211
920	1960	1354	918.57
921	1961	1619	919.62
921	1962	1619	919.707
922	1963	1354	920.716
922	1964	1619	920.758
922	1965	1354	920.828
922	1966	1121	920.838
923	1967	1354	921.374
924	1968	1354	922.242
924	1969	1354	922.361
924	1970	1354	922.527
924	1971	1619	922.676
924	1972	1354	922.719
924	1973	1354	922.912
924	1974	1354	922.944
924	1975	1354	923.017
925	1976	1354	923.197
925	1977	1354	923.298
925	1978	1354	923.649
925	1979	1354	923.727
925	1980	1354	923.752
925	1981	1354	923.964
925	1982	1354	923.975
926	1983	1354	924.167
926	1984	1354	924.169
926	1985	1354	924.217
926	1986	1354	924.266
926	1987	1619	924.364
926	1988	1354	924.373
926	1989	1354	924.533
926	1990	1354	924.568
926	1991	1354	924.619
926	1992	1354	924.663
926	1993	1354	924.936
926	1994	1354	924.985
926	1995	1354	925.109
927	1996	1354	925.189
927	1997	1354	925.324
927	1998	1354	925.551
927	1999	1354	925.603
927	2000	1354	925.744
927	2001	1354	925.93
927	2002	1354	926.17
928	2003	1653	926.931
929	2004	1354	927.808
929	2005	1619	928.051
930	2006	1619	928.621
931	2007	1354	929.421
931	2008	1619	930.607
932	2009	1619	931.454
933	2010	1619	931.742
933	2011	1619	931.837
933	2012	1619	932.055
934	2013	1619	932.278
934	2014	1619	932.383
934	2015	1619	932.383
934	2016	1619	932.622
934	2017	1619	932.813
934	2018	1619	932.986
934	2019	1619	933.077
935	2020	1619	933.105
935	2021	1619	933.17
935	2022	1619	933.189
935	2023	1619	933.198
935	2024	1619	933.567
935	2025	1619	933.572
935	2026	1619	933.789
936	2027	1619	934.635
936	2028	1619	935.43
937	2029	1619	935.719
937	2030	1619	936.012
938	2031	1619	936.035
938	2032	1619	936.607
939	2033	1619	937.318
939	2034	1619	937.708
940	2035	1688	938.723
940	2036	1619	939.599
941	2037	1619	939.935
943	2038	1688	941.924
943	2039	1688	942.091
944	2040	1688	942.544
944	2041	1688	942.68
944	2042	1653	942.705
944	2043	1653	942.805
944	2044	1688	942.837
944	2045	1653	942.89
944	2046	1688	942.979
945	2047	1688	943.419
945	2048	1653	943.483
945	2049	1688	943.516
945	2050	1653	943.687
945	2051	1688	943.871
945	2052	1653	943.993
945	2053	1688	944.002
946	2054	1688	944.113
946	2055	1653	944.282
946	2056	1653	944.307
946	2057	1688	944.41
946	2058	1653	944.629
946	2059	1653	944.684
946	2060	1653	944.686
946	2061	1688	944.939
946	2062	1653	945.012
947	2063	1653	945.208
947	2064	1653	945.225
947	2065	1688	945.238
947	2066	1653	945.415
947	2067	1653	945.537
947	2068	1688	945.944
947	2069	1688	946.126
948	2070	1653	946.496
948	2071	1688	946.518
948	2072	1688	947.111
949	2073	1653	947.944
949	2074	1653	948.055
952	2075	1688	950.749
953	2076	1688	952.253
954	2077	1619	953.037
956	2078	1619	954.85
956	2079	1619	954.947
958	2080	1619	956.73
959	2081	1354	957.417
959	2082	1619	957.513
959	2083	1619	957.523
959	2084	1619	957.962
960	2085	1354	958.39
960	2086	1619	958.941
960	2087	1619	959.229
961	2088	1619	959.484
961	2089	1354	960.052
962	2090	1354	960.157
962	2091	1354	960.381
962	2092	1354	960.535
962	2093	1354	960.559
962	2094	1354	961.011
963	2095	1619	961.171
963	2096	1354	961.183
963	2097	1354	961.203
963	2098	1354	961.255
963	2099	1354	961.495
963	2100	1354	961.814
963	2101	1354	962.189
964	2102	1354	962.46
964	2103	1354	962.547
964	2104	1354	963.003
965	2105	1354	963.063
965	2106	1354	963.361
965	2107	1354	963.651
965	2108	1354	963.658
966	2109	1619	964.247
966	2110	1619	964.591
966	2111	1354	964.757
967	2112	1619	965.751
979	2113	1915	978.244
981	2114	1987	979.411
981	2115	1959	979.452
981	2116	1962	979.604
981	2117	1915	980.07
982	2118	1959	980.289
982	2119	2078	980.595
982	2120	1962	980.965
983	2121	1915	981.308
983	2122	1847	981.368
983	2123	1915	981.531
983	2124	1915	981.754
983	2125	1959	981.877
983	2126	1915	982.029
984	2127	1847	982.34
984	2128	1847	982.492
984	2129	1847	982.569
984	2130	1915	982.74
984	2131	1847	982.861
984	2132	1915	982.944
984	2133	1847	982.996
984	2134	1987	983.122
985	2135	2022	983.168
985	2136	1987	983.184
985	2137	1959	983.348
985	2138	1847	983.4
985	2139	1915	983.498
985	2140	1915	983.531
985	2141	1847	983.58
985	2142	1847	983.615
985	2143	1915	983.786
985	2144	1847	983.923
985	2145	1847	984.19
986	2146	1847	984.611
986	2147	1847	984.632
986	2148	1847	984.728
986	2149	1847	984.76
986	2150	1847	984.78
986	2151	1847	984.876
986	2152	1847	984.98
986	2153	1847	985.01
987	2154	1847	985.303
987	2155	1959	985.423
987	2156	1987	985.443
987	2157	1987	985.455
987	2158	1847	985.541
987	2159	1915	985.568
987	2160	1847	985.895
987	2161	1915	985.973
987	2162	1915	986.068
988	2163	1847	986.142
988	2164	1847	986.179
988	2165	1847	986.223
988	2166	2022	986.262
988	2167	1847	986.773
988	2168	1817	986.989
988	2169	1847	987.075
989	2170	2016	987.208
989	2171	1864	987.236
989	2172	1847	987.882
989	2173	1847	988.133
990	2174	1847	988.741
990	2175	1915	988.754
990	2176	1959	989.753
991	2177	1987	989.935
993	2178	1959	992.294
994	2179	1915	992.317
994	2180	1915	992.589
994	2181	1915	992.97
995	2182	1915	994.045
996	2183	1847	994.275
996	2184	1874	994.477
996	2185	1915	994.954
997	2186	1959	995.294
997	2187	1962	995.719
997	2188	1962	995.747
998	2189	1915	996.678
999	2190	1864	997.813
1002	2191	739	1001.52
1005	2192	398	1004.52
1006	2193	739	1004.52
1006	2194	398	1004.9
1006	2195	739	1004.93
1007	2196	739	1005.3
1007	2197	1864	1005.41
1007	2198	737	1005.42
1007	2199	737	1005.71
1007	2200	737	1005.74
1008	2201	737	1006.4
1008	2202	398	1006.52
1008	2203	398	1006.62
1008	2204	737	1006.63
1008	2205	398	1006.81
1008	2206	739	1006.83
1008	2207	1874	1007.03
1009	2208	737	1007.06
1009	2209	398	1007.35
1009	2210	398	1007.51
1009	2211	398	1007.58
1009	2212	398	1007.8
1009	2213	1874	1008.03
1010	2214	398	1008.3
1010	2215	1864	1008.57
1010	2216	1817	1008.68
1010	2217	398	1008.85
1011	2218	1817	1009.54
1011	2219	1864	1009.59
1011	2220	1817	1009.77
1011	2221	2089	1009.83
1012	2222	1817	1010.52
1012	2223	1817	1010.62
1012	2224	2089	1010.66
1012	2225	1817	1010.69
1012	2226	1817	1010.9
1012	2227	1817	1010.98
1012	2228	2089	1011
1012	2229	1817	1011.04
1013	2230	1817	1011.16
1013	2231	1817	1011.2
1013	2232	1817	1011.31
1013	2233	1817	1011.33
1013	2234	1817	1011.68
1013	2235	1864	1011.7
1013	2236	1817	1011.74
1013	2237	1817	1011.74
1013	2238	1817	1011.93
1014	2239	1817	1012.06
1014	2240	1874	1012.39
1014	2241	1817	1012.5
1014	2242	1817	1012.58
1014	2243	1817	1012.6
1014	2244	1817	1012.74
1015	2245	1817	1013.03
1015	2246	398	1013.13
1015	2247	1817	1013.25
1015	2248	1817	1013.5
1015	2249	2089	1013.92
1015	2250	1864	1014.26
1016	2251	1817	1014.31
1016	2252	1817	1014.77
1016	2253	1864	1014.86
1016	2254	1874	1014.94
1016	2255	2108	1015.17
1017	2256	1864	1015.26
1017	2257	1874	1015.43
1017	2258	1874	1015.49
1017	2259	739	1015.6
1017	2260	1864	1015.79
1017	2261	1864	1015.91
1017	2262	1874	1015.98
1017	2263	1864	1016.33
1018	2264	1874	1016.34
1018	2265	1864	1016.74
1018	2266	1874	1016.74
1018	2267	1864	1016.8
1018	2268	1817	1017.2
1019	2269	1874	1017.28
1019	2270	1864	1017.54
1019	2271	1817	1018.19
1020	2272	1874	1018.26
1020	2273	1864	1018.26
1020	2274	1874	1018.51
1020	2275	1864	1018.73
1020	2276	1864	1019.05
1021	2277	398	1019.88
1021	2278	1864	1020
1022	2279	1864	1020.31
1022	2280	1874	1020.95
1022	2281	1864	1021.12
1023	2282	739	1021.46
1023	2283	398	1021.8
1023	2284	398	1022.12
1024	2285	398	1022.57
1024	2286	398	1022.66
1024	2287	737	1023.57
1025	2288	739	1023.59
1025	2289	737	1023.62
1025	2290	737	1023.72
1025	2291	739	1023.73
1026	2292	1864	1024.6
1026	2293	398	1024.62
1026	2294	398	1024.63
1026	2295	2108	1024.93
1026	2296	737	1025.07
1027	2297	398	1025.19
1027	2298	398	1025.26
1027	2299	3	1025.97
1028	2300	398	1026.41
1032	2301	2108	1030.42
1033	2302	739	1031.24
1035	2303	1775	1034.02
1036	2304	1775	1034.98
1036	2305	1775	1035.1
1037	2306	1775	1035.13
1037	2307	1775	1035.67
1037	2308	1775	1035.75
1037	2309	1775	1035.89
1037	2310	1775	1035.91
1037	2311	1775	1036.07
1038	2312	1775	1036.14
1038	2313	1775	1036.19
1038	2314	1775	1036.75
1038	2315	1775	1036.85
1038	2316	1775	1036.87
1038	2317	1775	1036.89
1038	2318	1775	1036.91
1038	2319	1775	1037.01
1039	2320	1775	1037.03
1039	2321	1775	1037.04
1039	2322	1775	1037.26
1039	2323	1775	1037.29
1039	2324	1775	1037.57
1039	2325	1775	1037.59
1039	2326	1775	1037.62
1039	2327	1775	1037.73
1039	2328	1775	1037.95
1040	2329	1775	1038.23
1040	2330	1775	1038.26
1040	2331	1775	1038.29
1040	2332	1775	1038.43
1040	2333	1775	1038.78
1040	2334	1775	1039.16
1041	2335	1775	1039.21
1041	2336	2108	1039.28
1041	2337	1817	1039.36
1041	2338	2108	1039.45
1042	2339	2108	1040.58
1042	2340	2108	1040.75
1043	2341	2108	1041.28
1043	2342	2108	1041.56
1043	2343	2108	1041.63
1043	2344	2108	1042.14
1044	2345	2108	1042.19
1044	2346	2108	1042.37
1044	2347	2108	1042.45
1044	2348	2108	1042.5
1044	2349	2108	1042.72
1044	2350	2108	1042.81
1044	2351	2108	1042.82
1044	2352	2108	1042.89
1044	2353	2108	1042.89
1044	2354	2108	1043
1044	2355	2108	1043.13
1045	2356	2108	1043.29
1045	2357	2108	1043.77
1045	2358	2108	1043.82
1045	2359	2108	1043.88
1046	2360	2108	1044.21
1046	2361	2108	1044.79
1046	2362	2193	1044.85
1047	2363	2108	1045.17
1047	2364	1817	1045.29
1047	2365	2193	1045.45
1047	2366	2193	1045.76
1047	2367	2108	1046.26
1048	2368	2193	1046.27
1048	2369	2089	1046.4
1048	2370	2193	1046.5
1048	2371	2108	1046.53
1049	2372	2193	1047.06
1049	2373	2193	1047.24
1049	2374	2102	1047.41
1049	2375	2193	1047.41
1049	2376	2089	1047.49
1049	2377	2193	1047.56
1049	2378	2193	1047.6
1049	2379	2193	1047.67
1049	2380	2089	1047.78
1049	2381	2089	1048.01
1050	2382	2193	1048.12
1050	2383	2089	1048.31
1050	2384	2193	1048.38
1050	2385	2193	1048.54
1050	2386	2193	1048.57
1050	2387	2193	1048.59
1050	2388	2193	1048.65
1050	2389	2193	1048.7
1050	2390	2193	1048.73
1051	2391	1817	1049.02
1051	2392	2193	1049.04
1051	2393	1817	1049.06
1051	2394	2193	1049.23
1051	2395	2193	1049.28
1051	2396	2193	1049.53
1051	2397	2193	1049.59
1051	2398	2193	1049.61
1051	2399	2193	1049.82
1051	2400	2193	1050.08
1052	2401	2193	1050.12
1052	2402	2193	1050.45
1052	2403	2193	1050.63
1053	2404	2219	1051.29
1053	2405	2089	1051.77
1053	2406	1775	1051.84
1059	2407	2193	1057.77
1062	2408	2219	1060.06
1063	2409	2219	1061.88
1063	2410	2219	1061.91
1063	2411	2219	1062.17
1064	2412	2219	1062.38
1064	2413	2219	1062.47
1064	2414	2219	1062.64
1064	2415	2219	1062.64
1064	2416	2219	1062.86
1064	2417	2219	1063.05
1065	2418	2219	1063.09
1065	2419	2219	1063.09
1065	2420	2219	1063.14
1065	2421	2219	1063.26
1065	2422	2219	1063.36
1065	2423	2219	1063.38
1065	2424	2219	1063.44
1065	2425	2219	1063.49
1065	2426	2219	1063.51
1065	2427	2219	1063.61
1065	2428	2219	1063.62
1065	2429	2219	1063.65
1065	2430	2219	1063.74
1065	2431	2219	1063.74
1065	2432	2219	1063.9
1065	2433	2219	1063.93
1065	2434	2219	1064.09
1066	2435	2219	1064.21
1066	2436	2219	1064.24
1066	2437	2219	1064.25
1066	2438	2219	1064.27
1066	2439	2219	1064.37
1066	2440	2219	1064.41
1066	2441	2219	1064.49
1066	2442	2219	1064.53
1066	2443	2219	1064.61
1066	2444	2219	1064.64
1066	2445	2219	1065.16
1067	2446	2219	1065.2
1067	2447	2219	1065.42
1067	2448	2219	1065.44
1067	2449	2219	1065.5
1067	2450	2219	1065.63
1067	2451	2219	1066.07
1068	2452	2219	1066.95
1070	2453	2089	1068.73
1070	2454	2089	1069.41
1071	2455	2102	1069.52
1071	2456	2102	1069.91
1071	2457	2089	1069.96
1071	2458	2089	1069.99
1072	2459	2089	1070.34
1072	2460	2102	1070.47
1073	2461	2089	1071.27
1073	2462	2089	1071.29
1073	2463	2102	1071.33
1073	2464	2089	1071.34
1073	2465	2102	1071.43
1073	2466	2102	1071.54
1073	2467	2221	1071.56
1073	2468	2089	1071.61
1073	2469	2221	1071.82
1073	2470	2089	1071.93
1074	2471	2089	1072.04
1074	2472	2102	1072.09
1074	2473	2089	1072.52
1074	2474	2089	1072.61
1074	2475	2089	1072.63
1074	2476	2089	1072.65
1074	2477	2089	1072.71
1074	2478	2102	1072.71
1074	2479	2089	1072.87
1075	2480	2089	1073.13
1075	2481	1817	1073.18
1075	2482	2089	1073.79
1075	2483	2102	1074.03
1076	2484	1817	1074.15
1076	2485	2102	1074.36
1076	2486	1817	1074.41
1076	2487	2089	1074.73
1076	2488	2102	1074.91
1077	2489	1817	1075.35
1077	2490	1817	1075.74
1077	2491	1817	1076.09
1078	2492	1817	1076.33
1078	2493	1817	1076.69
1078	2494	1817	1076.85
1078	2495	1817	1076.99
1078	2496	1817	1077.07
1079	2497	1817	1077.28
1079	2498	1817	1077.35
1079	2499	1817	1077.37
1079	2500	1817	1077.58
1079	2501	1817	1077.68
1079	2502	1817	1077.7
1079	2503	1817	1077.76
1079	2504	1817	1077.81
1079	2505	1817	1077.92
1079	2506	1817	1077.93
1079	2507	1817	1077.94
1079	2508	1817	1078
1080	2509	1817	1078.01
1080	2510	1817	1078.02
1080	2511	1817	1078.05
1080	2512	1817	1078.06
1080	2513	1817	1078.16
1080	2514	1817	1078.28
1080	2515	1817	1078.33
1080	2516	1817	1078.34
1080	2517	1817	1078.38
1080	2518	1817	1078.57
1080	2519	1817	1078.65
1080	2520	1817	1078.98
1080	2521	1817	1078.99
1080	2522	1817	1079.09
1081	2523	1817	1079.2
1081	2524	1817	1079.28
1081	2525	1817	1079.49
1081	2526	1817	1079.72
1081	2527	1817	1079.83
1081	2528	1817	1080.13
1082	2529	1817	1080.54
1082	2530	1817	1081.54
1083	2531	1817	1081.8
1087	2532	2221	1085.89
1088	2533	2221	1086.72
1088	2534	2221	1086.76
1088	2535	2221	1086.9
1088	2536	2221	1086.94
1088	2537	2221	1086.98
1089	2538	2221	1087.13
1089	2539	2221	1087.26
1089	2540	2221	1087.29
1089	2541	2221	1087.4
1089	2542	2221	1087.71
1089	2543	2221	1087.75
1089	2544	2221	1087.85
1089	2545	2221	1087.94
1089	2546	2221	1087.98
1089	2547	2221	1088.12
1090	2548	2221	1088.25
1090	2549	2221	1088.36
1090	2550	2221	1088.37
1090	2551	2221	1088.38
1090	2552	2221	1088.49
1090	2553	2221	1088.52
1090	2554	2221	1088.59
1090	2555	2221	1088.63
1090	2556	2221	1088.7
1090	2557	2221	1088.79
1090	2558	2221	1088.82
1090	2559	2221	1089.13
1091	2560	2221	1089.24
1091	2561	2221	1089.32
1091	2562	2221	1089.5
1091	2563	2193	1090.01
1092	2564	2221	1090.04
1092	2565	2221	1090.11
1092	2566	2221	1090.33
1092	2567	2221	1090.58
1092	2568	2321	1090.81
1092	2569	2321	1090.96
1092	2570	2309	1091.28
1093	2571	2309	1091.4
1093	2572	2221	1091.53
1094	2573	2309	1092.13
1094	2574	2321	1092.48
1095	2575	2309	1093.09
1095	2576	2309	1093.37
1095	2577	2309	1093.37
1095	2578	2309	1093.72
1095	2579	2309	1093.75
1096	2580	2193	1094.34
1096	2581	2309	1094.44
1096	2582	2321	1094.48
1096	2583	2193	1094.6
1096	2584	2321	1094.65
1096	2585	2309	1094.88
1096	2586	2321	1094.99
1096	2587	2309	1095.27
1097	2588	2321	1095.3
1097	2589	2309	1095.45
1097	2590	2309	1095.65
1097	2591	2309	1095.83
1097	2592	2309	1095.91
1097	2593	2309	1096.11
1098	2594	2321	1096.99
1098	2595	2321	1097.47
1099	2596	2309	1097.92
1099	2597	2309	1098.44
1100	2598	2219	1099.12
1102	2599	2309	1100.74
1104	2600	2219	1103.18
1105	2601	2219	1103.5
1105	2602	2219	1103.61
1105	2603	2219	1103.73
1105	2604	2219	1103.95
1105	2605	2219	1104.06
1106	2606	2219	1104.15
1106	2607	2219	1104.73
1106	2608	2219	1104.76
1106	2609	2219	1104.85
1106	2610	2219	1104.98
1106	2611	2219	1105.03
1107	2612	2219	1105.23
1107	2613	2219	1105.31
1107	2614	2219	1105.39
1107	2615	2219	1105.48
1107	2616	2219	1105.63
1107	2617	2219	1105.75
1107	2618	2219	1105.9
1107	2619	2219	1105.94
1107	2620	2219	1105.95
1107	2621	2219	1105.95
1107	2622	2219	1105.98
1108	2623	2219	1106.24
1108	2624	2219	1106.42
1108	2625	2219	1106.46
1108	2626	2219	1106.52
1108	2627	2219	1106.66
1108	2628	2219	1106.77
1108	2629	2219	1106.87
1109	2630	2219	1107.48
1109	2631	2219	1107.64
1109	2632	2219	1107.88
1111	2633	2219	1109.67
1111	2634	2219	1109.68
1112	2635	2144	1110.76
1112	2636	2150	1110.88
1113	2637	2150	1111.61
1114	2638	2144	1112.23
1114	2639	2198	1112.36
1114	2640	2144	1112.52
1114	2641	2144	1112.81
1114	2642	2194	1112.85
1114	2643	2150	1112.89
1114	2644	2126	1112.89
1114	2645	2144	1112.91
1114	2646	2144	1112.91
1114	2647	2186	1113.04
1115	2648	2150	1113.06
1115	2649	2150	1113.14
1115	2650	2186	1113.49
1115	2651	2126	1113.5
1115	2652	2186	1113.61
1115	2653	2150	1113.62
1115	2654	2126	1113.81
1115	2655	2194	1113.86
1115	2656	2144	1113.92
1115	2657	2144	1114.16
1116	2658	2126	1114.28
1116	2659	2150	1114.32
1116	2660	2150	1114.42
1116	2661	2126	1114.51
1116	2662	2186	1114.65
1116	2663	2150	1114.7
1116	2664	2126	1114.82
1116	2665	2194	1114.84
1116	2666	2144	1114.93
1116	2667	2144	1114.97
1116	2668	2150	1115.08
1117	2669	2150	1115.25
1117	2670	2126	1115.46
1117	2671	2144	1115.82
1117	2672	2194	1116.04
1118	2673	2126	1116.28
1118	2674	2144	1116.93
1118	2675	2194	1117.24
1120	2676	2384	1118.75
1125	2677	2471	1123.64
1126	2678	2468	1124.08
1126	2679	2468	1124.13
1126	2680	2471	1124.18
1126	2681	2459	1124.64
1126	2682	2468	1124.64
1126	2683	2471	1124.94
1127	2684	2471	1125.42
1127	2685	2459	1125.54
1127	2686	2459	1125.59
1127	2687	2459	1125.69
1128	2688	2459	1126.39
1128	2689	2471	1126.46
1128	2690	2459	1126.49
1128	2691	2468	1126.56
1128	2692	2468	1126.58
1128	2693	2459	1126.72
1128	2694	2459	1126.8
1128	2695	2459	1126.89
1128	2696	2468	1126.92
1128	2697	2459	1126.93
1128	2698	2468	1126.93
1128	2699	2468	1127.03
1129	2700	2459	1127.09
1129	2701	2459	1127.54
1129	2702	2459	1127.71
1129	2703	2468	1127.82
1129	2704	2459	1127.87
1129	2705	2468	1127.87
1129	2706	2468	1128.07
1130	2707	2471	1128.29
1130	2708	2459	1128.39
1130	2709	2459	1129.18
1131	2710	2459	1129.33
1131	2711	2459	1129.69
1131	2712	2194	1130.39
1132	2713	2384	1130.46
1132	2714	2194	1130.79
1132	2715	2194	1131.12
1133	2716	2194	1131.75
1135	2717	2194	1134.14
1136	2718	2194	1134.16
1136	2719	2194	1134.26
1136	2720	2366	1134.41
1136	2721	2366	1134.46
1136	2722	2384	1134.5
1136	2723	2366	1134.7
1136	2724	2384	1134.87
1136	2725	2194	1135.16
1137	2726	2366	1135.23
1137	2727	2366	1135.32
1137	2728	2366	1135.46
1137	2729	2384	1135.47
1137	2730	2366	1135.55
1137	2731	2366	1135.57
1137	2732	2366	1135.63
1137	2733	2366	1135.74
1137	2734	2366	1135.78
1137	2735	2366	1135.78
1137	2736	2366	1135.91
1137	2737	2366	1135.96
1137	2738	2366	1135.98
1138	2739	2366	1136.04
1138	2740	2366	1136.04
1138	2741	2366	1136.18
1138	2742	2366	1136.25
1138	2743	2366	1136.28
1138	2744	2366	1136.34
1138	2745	2366	1136.39
1138	2746	2193	1136.44
1138	2747	2366	1136.63
1138	2748	2366	1136.85
1138	2749	2366	1136.86
1138	2750	2366	1136.93
1138	2751	2366	1137
1139	2752	2224	1137.11
1139	2753	2224	1137.14
1139	2754	2366	1137.25
1139	2755	2366	1137.44
1139	2756	2224	1137.62
1139	2757	2224	1137.68
1139	2758	2366	1137.82
1139	2759	2366	1137.86
1139	2760	2366	1137.92
1139	2761	2366	1138.08
1140	2762	2366	1138.29
1140	2763	2366	1138.31
1140	2764	2366	1138.46
1140	2765	2224	1138.48
1140	2766	2366	1138.97
1140	2767	2224	1139.02
1141	2768	2224	1139.68
1141	2769	2224	1140.05
1142	2770	2224	1140.28
1142	2771	2366	1140.55
1142	2772	2224	1140.56
1143	2773	2224	1141.1
1143	2774	2224	1141.33
1143	2775	2224	1141.55
1143	2776	2224	1141.55
1143	2777	2224	1141.84
1143	2778	2224	1141.85
1143	2779	2224	1141.91
1143	2780	2224	1142.39
1144	2781	2224	1142.41
1144	2782	2224	1142.55
1144	2783	2224	1142.61
1144	2784	2224	1142.62
1144	2785	2224	1142.64
1144	2786	2224	1142.88
1144	2787	2224	1142.97
1144	2788	2224	1143.03
1145	2789	2224	1143.29
1145	2790	2224	1143.44
1145	2791	2224	1143.49
1145	2792	2224	1143.59
1145	2793	2224	1143.64
1145	2794	2224	1143.66
1145	2795	2224	1143.97
1146	2796	2224	1144.34
1146	2797	2224	1144.58
1146	2798	2224	1144.88
1146	2799	2224	1145.14
1147	2800	2224	1145.79
1147	2801	2224	1145.82
1147	2802	2224	1146.15
1150	2803	2194	1148.85
1158	2804	2309	1157.36
1159	2805	2309	1157.67
1161	2806	2321	1159.67
1162	2807	2309	1160.84
1165	2808	2321	1164.67
1166	2809	2309	1164.76
1167	2810	2730	1165.62
1167	2811	2309	1165.78
1168	2812	2309	1166.15
1168	2813	2730	1166.2
1169	2814	2309	1167.21
1169	2815	2730	1167.55
1169	2816	2730	1167.86
1169	2817	2730	1168.01
1170	2818	2730	1168.25
1170	2819	2730	1168.29
1170	2820	2730	1168.31
1170	2821	2730	1168.34
1170	2822	2730	1168.35
1170	2823	2730	1168.58
1170	2824	2730	1168.76
1170	2825	2730	1168.82
1170	2826	2730	1168.9
1170	2827	2730	1168.98
1171	2828	2730	1169.33
1171	2829	2730	1169.36
1171	2830	2730	1169.4
1171	2831	2730	1169.44
1171	2832	2730	1169.46
1171	2833	2730	1169.55
1171	2834	2730	1169.6
1171	2835	2730	1169.74
1171	2836	2730	1169.77
1171	2837	2730	1169.81
1171	2838	2730	1169.89
1171	2839	2730	1169.99
1171	2840	2730	1170.17
1172	2841	2730	1170.19
1172	2842	2730	1170.24
1172	2843	2730	1170.25
1172	2844	2730	1170.25
1172	2845	2730	1170.32
1172	2846	2730	1170.61
1172	2847	2730	1170.69
1172	2848	2730	1170.72
1172	2849	2730	1170.94
1172	2850	2194	1170.98
1172	2851	2730	1171.19
1173	2852	2568	1171.82
1173	2853	2730	1171.98
1173	2854	2194	1172.31
1174	2855	2730	1172.43
1174	2856	2194	1172.6
1174	2857	2194	1173.25
1175	2858	2194	1173.37
1175	2859	2309	1173.65
1175	2860	2568	1173.93
1176	2861	2730	1174.19
1177	2862	2194	1175.82
1177	2863	2194	1175.86
1177	2864	2568	1176.09
1178	2865	2568	1176.13
1178	2866	2194	1176.15
1178	2867	2568	1176.16
1178	2868	2194	1176.2
1178	2869	2309	1176.26
1178	2870	2309	1176.29
1178	2871	2194	1176.37
1178	2872	2568	1176.57
1179	2873	2194	1177.45
1179	2874	2568	1177.6
1179	2875	2194	1177.78
1179	2876	2194	1177.92
1179	2877	2194	1178.09
1180	2878	2194	1178.16
1180	2879	2194	1178.61
1180	2880	2568	1178.72
1180	2881	2194	1178.86
1181	2882	2568	1179.65
1181	2883	2568	1180.15
1182	2884	2568	1180.93
1183	2885	2568	1181.29
1183	2886	2568	1181.44
1184	2887	2568	1182.42
1184	2888	2568	1182.67
1185	2889	2568	1183.25
1185	2890	2568	1183.78
1188	2891	2602	1186.36
1189	2892	2602	1188.08
1190	2893	2602	1188.41
1190	2894	2602	1188.5
1190	2895	2602	1188.54
1190	2896	2568	1188.81
1190	2897	2602	1188.82
1190	2898	2602	1188.86
1190	2899	2602	1189.22
1191	2900	2602	1189.45
1191	2901	2602	1189.5
1191	2902	2602	1189.55
1191	2903	2602	1189.57
1191	2904	2602	1189.57
1191	2905	2602	1189.64
1191	2906	2602	1189.65
1191	2907	2602	1189.7
1191	2908	2602	1189.74
1191	2909	2602	1189.76
1191	2910	2602	1189.82
1191	2911	2602	1189.83
1191	2912	2602	1189.87
1191	2913	2602	1189.9
1191	2914	2602	1189.95
1191	2915	2602	1189.97
1191	2916	2602	1190.07
1192	2917	2602	1190.18
1192	2918	2602	1190.34
1192	2919	2602	1190.36
1192	2920	2602	1190.42
1192	2921	2602	1190.56
1192	2922	2602	1190.59
1192	2923	2602	1190.63
1192	2924	2602	1190.69
1192	2925	2602	1190.76
1192	2926	2602	1190.86
1192	2927	2602	1190.95
1192	2928	2829	1191.11
1193	2929	2602	1191.12
1193	2930	2602	1191.16
1193	2931	2602	1191.67
1193	2932	2602	1191.75
1193	2933	2602	1191.78
1193	2934	2602	1192.21
1194	2935	2602	1193.56
1195	2936	2602	1193.73
1201	2937	2642	1200.32
1202	2938	2642	1200.36
1202	2939	2642	1200.61
1202	2940	2642	1200.78
1202	2941	2642	1200.83
1202	2942	2642	1200.9
1202	2943	2642	1201.1
1203	2944	2642	1201.19
1203	2945	2642	1201.22
1203	2946	2642	1201.27
1203	2947	2642	1201.33
1203	2948	2642	1201.36
1203	2949	2642	1201.39
1203	2950	2642	1201.46
1203	2951	2642	1201.61
1203	2952	2642	1201.68
1203	2953	2642	1201.68
1203	2954	2642	1201.72
1203	2955	2642	1201.72
1203	2956	2642	1201.74
1203	2957	2642	1201.95
1203	2958	2642	1201.98
1203	2959	2642	1202.11
1204	2960	2642	1202.14
1204	2961	2642	1202.45
1204	2962	2642	1202.51
1204	2963	2642	1202.76
1204	2964	2642	1202.81
1204	2965	2642	1202.89
1204	2966	2642	1202.9
1204	2967	2642	1203.04
1205	2968	2642	1203.67
1205	2969	2642	1203.89
1205	2970	2642	1203.98
1205	2971	2642	1204.3
1206	2972	2642	1204.51
1206	2973	2642	1204.57
1206	2974	2642	1204.95
1209	2975	2872	1207.44
1209	2976	2869	1207.88
1210	2977	2872	1208.07
1210	2978	2872	1208.09
1210	2979	2869	1208.73
1211	2980	2872	1209.05
1211	2981	2872	1209.32
1211	2982	2872	1209.36
1211	2983	2869	1209.52
1211	2984	2872	1210.1
1212	2985	2872	1210.53
1212	2986	2872	1210.95
1212	2987	2869	1211.12
1213	2988	2872	1211.12
1213	2989	2872	1211.48
1213	2990	2872	1211.6
1213	2991	2872	1211.63
1213	2992	2872	1211.81
1213	2993	2872	1211.97
1213	2994	2872	1212.11
1214	2995	2872	1212.69
1214	2996	2869	1212.88
1214	2997	2872	1213.07
1218	2998	2139	1216.04
1219	2999	2576	1217.31
1220	3000	2872	1218.57
1221	3001	2576	1219.98
1221	3002	2576	1220.1
1222	3003	2576	1220.18
1222	3004	2576	1220.27
1222	3005	2576	1220.3
1222	3006	2581	1220.3
1222	3007	2129	1220.31
1222	3008	2576	1220.36
1222	3009	2581	1220.46
1222	3010	2581	1220.66
1222	3011	2576	1220.87
1222	3012	2576	1220.95
1222	3013	2581	1221.18
1223	3014	2576	1221.23
1223	3015	2576	1221.27
1223	3016	2576	1221.41
1223	3017	2581	1221.42
1223	3018	2576	1221.51
1223	3019	2576	1221.53
1223	3020	2945	1221.56
1223	3021	2581	1221.76
1223	3022	2576	1221.82
1223	3023	2581	1222.02
1224	3024	2576	1222.12
1224	3025	2189	1222.14
1224	3026	2124	1222.22
1224	3027	2576	1222.29
1224	3028	2576	1222.93
1224	3029	2576	1222.93
1224	3030	2115	1222.97
1224	3031	2581	1223.26
1225	3032	2576	1223.31
1225	3033	2576	1223.64
1225	3034	2141	1223.86
1225	3035	2576	1223.98
1225	3036	2141	1224.2
1226	3037	2115	1224.44
1226	3038	2938	1224.58
1226	3039	2127	1224.58
1226	3040	2115	1224.6
1226	3041	2189	1224.64
1226	3042	2124	1224.99
1227	3043	2129	1225.04
1227	3044	2115	1225.2
1227	3045	2115	1225.78
1227	3046	2576	1225.95
1227	3047	2189	1226.04
1228	3048	2945	1226.1
1228	3049	2115	1226.3
1228	3050	2115	1226.49
1228	3051	2115	1226.66
1228	3052	2176	1227.08
1229	3053	2938	1228.03
1230	3054	2115	1228.36
1230	3055	2115	1228.62
1230	3056	2965	1228.86
1230	3057	2176	1229.12
1231	3058	2965	1229.4
1231	3059	2115	1229.63
1235	3060	2938	1233.92
1236	3061	2129	1235.31
1237	3062	2872	1235.32
1237	3063	2872	1235.65
1238	3064	2872	1236.41
1239	3065	2872	1237.89
1239	3066	2872	1238.35
1240	3067	2872	1238.44
1242	3068	2872	1240.89
1242	3069	2872	1241.47
1243	3070	2872	1241.98
1244	3071	2815	1242.25
1245	3072	2872	1244.1
1246	3073	2903	1244.29
1246	3074	2913	1244.53
1246	3075	2872	1244.83
1247	3076	2913	1245.68
1247	3077	2913	1245.68
1247	3078	2903	1245.74
1247	3079	2903	1245.89
1247	3080	2903	1246.01
1248	3081	2903	1246.15
1248	3082	2913	1246.27
1248	3083	2913	1246.58
1248	3084	2913	1246.64
1248	3085	2935	1246.72
1248	3086	2913	1246.72
1248	3087	2903	1246.9
1248	3088	2913	1247.13
1249	3089	2903	1247.19
1249	3090	2903	1247.22
1249	3091	2913	1247.23
1249	3092	2913	1247.25
1249	3093	2903	1247.3
1249	3094	2913	1247.4
1249	3095	2913	1247.6
1249	3096	2936	1247.67
1249	3097	2903	1247.68
1249	3098	2935	1247.72
1249	3099	2903	1247.87
1249	3100	2903	1247.95
1249	3101	2913	1247.99
1250	3102	2913	1248.33
1250	3103	2903	1248.79
1250	3104	2903	1248.85
1251	3105	2903	1249.1
1251	3106	2936	1249.23
1251	3107	2935	1249.4
1251	3108	2903	1249.73
1252	3109	2965	1250.61
1252	3110	2938	1250.8
1252	3111	2913	1251.03
1253	3112	2872	1251.13
1253	3113	2872	1252
1254	3114	2869	1252.33
1254	3115	2869	1252.36
1254	3116	2872	1252.38
1254	3117	2938	1252.4
1254	3118	2945	1252.69
1254	3119	2872	1253.15
1255	3120	2938	1253.15
1255	3121	2872	1253.25
1255	3122	2945	1253.65
1255	3123	2938	1253.89
1255	3124	2938	1253.92
1255	3125	2872	1253.99
1256	3126	2945	1254.23
1256	3127	2938	1254.46
1256	3128	2945	1254.59
1256	3129	2938	1254.62
1256	3130	2965	1254.63
1256	3131	2938	1254.77
1256	3132	2872	1254.95
1256	3133	2938	1254.97
1257	3134	2938	1255.05
1257	3135	2938	1255.2
1257	3136	2938	1255.25
1257	3137	2945	1255.46
1257	3138	2872	1255.56
1257	3139	2938	1255.57
1257	3140	2938	1255.57
1257	3141	2938	1255.83
1257	3142	2872	1255.96
1258	3143	2872	1256.21
1258	3144	2938	1256.24
1258	3145	2938	1256.46
1258	3146	2938	1256.5
1258	3147	2965	1256.63
1258	3148	2938	1256.71
1258	3149	2872	1256.82
1258	3150	2872	1257.05
1259	3151	2938	1257.1
1259	3152	2938	1257.23
1259	3153	2872	1257.76
1259	3154	2872	1257.78
1259	3155	2872	1257.78
1259	3156	2938	1257.82
1259	3157	2938	1258.01
1260	3158	2945	1258.05
1260	3159	2872	1258.1
1260	3160	2872	1258.1
1260	3161	2872	1258.21
1260	3162	2872	1258.31
1260	3163	2872	1259.04
1261	3164	2872	1259.71
1261	3165	2869	1260.14
1262	3166	2872	1260.29
1262	3167	2872	1260.32
1262	3168	2869	1260.48
1262	3169	2869	1260.54
1262	3170	2938	1260.65
1262	3171	2872	1260.98
1262	3172	2869	1261.05
1263	3173	2872	1261.76
1263	3174	2872	1261.94
1264	3175	2581	1262.65
1265	3176	2576	1263.52
1265	3177	2581	1263.63
1265	3178	2576	1263.99
1265	3179	2576	1264
1266	3180	2576	1264.02
1266	3181	2581	1264.03
1266	3182	2581	1264.08
1266	3183	2581	1264.31
1266	3184	2581	1264.32
1266	3185	2576	1264.49
1266	3186	2869	1264.53
1266	3187	2576	1264.57
1266	3188	2576	1264.57
1266	3189	2576	1264.68
1266	3190	2576	1264.71
1266	3191	2576	1264.79
1266	3192	2576	1265.05
1267	3193	2576	1265.08
1267	3194	2581	1265.13
1267	3195	2581	1265.14
1267	3196	2576	1265.23
1267	3197	2581	1265.5
1267	3198	2576	1265.73
1267	3199	2576	1265.8
1267	3200	2576	1265.81
1267	3201	2581	1265.83
1267	3202	2581	1265.85
1268	3203	2576	1266.12
1268	3204	2581	1266.19
1268	3205	2576	1266.26
1268	3206	2576	1266.44
1268	3207	2576	1266.45
1268	3208	2576	1266.6
1268	3209	2576	1266.75
1268	3210	2872	1266.89
1268	3211	2576	1267.14
1269	3212	2581	1267.3
1269	3213	2872	1267.53
1269	3214	2576	1267.82
1269	3215	2576	1267.93
1269	3216	2576	1268.27
1270	3217	2576	1268.59
1272	3218	2581	1270.53
1274	3219	2950	1272.64
1275	3220	2682	1273.84
1276	3221	2682	1274.21
1276	3222	2682	1274.4
1276	3223	2129	1275.03
1277	3224	2682	1275.21
1277	3225	2950	1275.24
1277	3226	2950	1275.25
1277	3227	2682	1275.32
1277	3228	2682	1275.52
1277	3229	2682	1275.52
1277	3230	2682	1275.55
1277	3231	2682	1275.83
1277	3232	2682	1275.86
1277	3233	2682	1275.91
1277	3234	2682	1275.97
1277	3235	2682	1276.01
1278	3236	2682	1276.06
1278	3237	2682	1276.32
1278	3238	2682	1276.55
1278	3239	2682	1276.6
1278	3240	2682	1276.63
1278	3241	2682	1276.87
1278	3242	2682	1277.08
1279	3243	2139	1277.2
1279	3244	2682	1277.81
1280	3245	2682	1278.29
1280	3246	2682	1278.52
1280	3247	2115	1278.55
1280	3248	2127	1278.7
1280	3249	2129	1278.77
1280	3250	2115	1279.16
1281	3251	2129	1279.17
1281	3252	2115	1279.23
1281	3253	2127	1279.59
1281	3254	2129	1279.83
1281	3255	2682	1279.88
1281	3256	2189	1279.9
1281	3257	2141	1279.96
1281	3258	2189	1280.06
1282	3259	2115	1280.06
1282	3260	2124	1280.37
1282	3261	2127	1280.53
1282	3262	2115	1280.76
1283	3263	2182	1281.13
1283	3264	2115	1281.17
1283	3265	2124	1281.3
1283	3266	2124	1281.6
1283	3267	2115	1281.88
1283	3268	2115	1282.49
1284	3269	2139	1282.57
1285	3270	2124	1283.58
1288	3271	2506	1286.28
1288	3272	2176	1286.4
1288	3273	2513	1286.6
1288	3274	2507	1286.92
1289	3275	2507	1287.26
1289	3276	2507	1287.72
1290	3277	2507	1288.42
1290	3278	2507	1288.46
1290	3279	2507	1288.53
1290	3280	2513	1288.66
1290	3281	2506	1288.98
1291	3282	2506	1289.15
1291	3283	2513	1289.48
1291	3284	2513	1289.48
1291	3285	2506	1289.55
1291	3286	2513	1289.67
1291	3287	2506	1289.88
1291	3288	2506	1289.99
1291	3289	2506	1290.02
1292	3290	2513	1290.15
1292	3291	2506	1290.46
1292	3292	2506	1291
1297	3293	2945	1296.31
1298	3294	2891	1297.07
1299	3295	2891	1297.12
1299	3296	2891	1297.13
1299	3297	2891	1297.61
1299	3298	2891	1297.67
1300	3299	2891	1298.19
1300	3300	2891	1298.57
1300	3301	2891	1298.6
1300	3302	3095	1299.03
1301	3303	2891	1299.1
1301	3304	2891	1299.22
1301	3305	2891	1299.25
1301	3306	2891	1299.29
1301	3307	2891	1299.31
1301	3308	2891	1299.4
1301	3309	3095	1299.4
1301	3310	2891	1299.45
1301	3311	2891	1299.47
1301	3312	2891	1299.48
1301	3313	2891	1299.51
1301	3314	2891	1299.72
1301	3315	2891	1299.73
1301	3316	2891	1299.78
1301	3317	2891	1299.81
1301	3318	2891	1299.84
1301	3319	2891	1299.85
1301	3320	2891	1299.97
1302	3321	2891	1300.07
1302	3322	2891	1300.08
1302	3323	2891	1300.19
1302	3324	2891	1300.19
1302	3325	3095	1300.28
1302	3326	2891	1300.33
1302	3327	2891	1300.36
1302	3328	2891	1300.38
1302	3329	2891	1300.39
1302	3330	2891	1300.4
1302	3331	2891	1300.54
1302	3332	2891	1300.84
1302	3333	2891	1300.93
1302	3334	2891	1301.03
1303	3335	2891	1301.3
1303	3336	2891	1301.78
1304	3337	2891	1302.6
1304	3338	2891	1302.89
1306	3339	2115	1305
1307	3340	2872	1305.95
1308	3341	2872	1306.21
1308	3342	2869	1306.52
1308	3343	2872	1306.6
1308	3344	2872	1306.62
1308	3345	2872	1306.63
1308	3346	2872	1306.72
1308	3347	2872	1306.83
1308	3348	2869	1306.99
1309	3349	2872	1307.16
1309	3350	2872	1307.32
1309	3351	2872	1307.36
1309	3352	2872	1307.54
1309	3353	2872	1307.54
1309	3354	2872	1307.67
1309	3355	2869	1307.72
1309	3356	2872	1307.78
1309	3357	2869	1307.88
1309	3358	2872	1307.91
1309	3359	2869	1308.08
1310	3360	2869	1308.34
1310	3361	2872	1308.45
1310	3362	2872	1308.47
1310	3363	2872	1308.63
1310	3364	2872	1308.67
1310	3365	2872	1308.78
1310	3366	2872	1308.79
1311	3367	2872	1309.1
1311	3368	2872	1309.18
1311	3369	2872	1309.19
1311	3370	2872	1309.26
1311	3371	2872	1309.37
1311	3372	2872	1309.41
1311	3373	2872	1309.68
1311	3374	2872	1309.72
1311	3375	2872	1309.96
1311	3376	2872	1309.99
1312	3377	2872	1310.87
1313	3378	2872	1311.53
1314	3379	2872	1312.15
1316	3380	2682	1314.4
1316	3381	2682	1314.77
1316	3382	2950	1314.98
1316	3383	2682	1315
1316	3384	2682	1315.07
1317	3385	2682	1315.46
1317	3386	3223	1315.99
1318	3387	2682	1316.22
1318	3388	2682	1316.5
1319	3389	2682	1317.29
1319	3390	2682	1317.48
1319	3391	2682	1317.57
1319	3392	2682	1317.67
1320	3393	2682	1318.26
1320	3394	2682	1318.53
1320	3395	3223	1319.14
1321	3396	2682	1319.7
1321	3397	3223	1320.1
1322	3398	3223	1320.37
1322	3399	3223	1320.64
1322	3400	3223	1320.9
1322	3401	2950	1320.97
1323	3402	3223	1321.56
1323	3403	3086	1322.05
1324	3404	3223	1322.08
1324	3405	3086	1322.21
1324	3406	3223	1322.24
1324	3407	3223	1322.51
1324	3408	3223	1322.51
1324	3409	3223	1322.56
1324	3410	3223	1322.67
1324	3411	3223	1323
1324	3412	3223	1323.07
1325	3413	3223	1323.17
1325	3414	3223	1323.29
1325	3415	3223	1323.5
1325	3416	3223	1323.72
1325	3417	3223	1323.83
1325	3418	3223	1323.94
1326	3419	3223	1324.21
1326	3420	3223	1324.31
1326	3421	3223	1324.9
1326	3422	3223	1325.05
1328	3423	3223	1326.33
1329	3424	3086	1327.28
1330	3425	2994	1328.05
1330	3426	2994	1328.3
1330	3427	2994	1328.89
1330	3428	2994	1328.98
1330	3429	2994	1329.3
1331	3430	2994	1329.31
1331	3431	2994	1329.47
1331	3432	2994	1329.5
1331	3433	2994	1329.55
1331	3434	2994	1329.76
1331	3435	2994	1329.97
1331	3436	2994	1329.99
1332	3437	2994	1330.25
1333	3438	2994	1331.08
1333	3439	2994	1331.19
1333	3440	2994	1331.23
1333	3441	3086	1331.45
1333	3442	2994	1331.58
1333	3443	2994	1331.91
1334	3444	2994	1332.19
1334	3445	2994	1332.26
1334	3446	3086	1332.37
1334	3447	2994	1332.4
1334	3448	2994	1332.4
1334	3449	2994	1332.48
1334	3450	2994	1333.03
1335	3451	2994	1333.08
1335	3452	3086	1333.21
1335	3453	2994	1333.66
1335	3454	2994	1334.38
1336	3455	3086	1335.05
1337	3456	3086	1335.52
1337	3457	2994	1336.01
1338	3458	3086	1336.77
1342	3459	2994	1340.97
1348	3460	3086	1347.12
1349	3461	3070	1347.79
1349	3462	3086	1348.12
1355	3463	3416	1353.32
1355	3464	3416	1353.36
1356	3465	3416	1354.94
1357	3466	3414	1355.23
1357	3467	3414	1355.57
1357	3468	3414	1355.84
1357	3469	3416	1355.89
1357	3470	3414	1355.95
1357	3471	3414	1356.15
1358	3472	3414	1356.26
1358	3473	3414	1356.67
1358	3474	3414	1356.96
1359	3475	3414	1357.09
1359	3476	3416	1357.61
1359	3477	3416	1357.61
1359	3478	3414	1357.97
1359	3479	3416	1358
1359	3480	3416	1358.21
1360	3481	3416	1358.73
1361	3482	3414	1360.25
1363	3483	3070	1361.16
1363	3484	3070	1362.96
1365	3485	3070	1363.6
1367	3486	3149	1365.91
1370	3487	3070	1368.53
1370	3488	3070	1368.64
1370	3489	3070	1369.78
1371	3490	3411	1369.92
1371	3491	3397	1370.06
1373	3492	3397	1371.93
1373	3493	3397	1372.06
1374	3494	3397	1372.25
1374	3495	3397	1372.4
1375	3496	3397	1373.7
1375	3497	3397	1374.27
1376	3498	3397	1374.66
1376	3499	3397	1374.69
1376	3500	3397	1374.89
1376	3501	3397	1374.91
1377	3502	3411	1375.36
1377	3503	3397	1375.71
1377	3504	3411	1376.38
1378	3505	3475	1376.55
1378	3506	3397	1377.17
1379	3507	3397	1378.22
1380	3508	3475	1378.39
1380	3509	3468	1378.64
1380	3510	3475	1378.72
1380	3511	3468	1378.84
1380	3512	3468	1379.22
1381	3513	3397	1379.93
1381	3514	3475	1379.96
1381	3515	3475	1379.96
1382	3516	3468	1380.15
1382	3517	3468	1380.34
1382	3518	3468	1380.75
1382	3519	3468	1380.78
1382	3520	3468	1380.78
1382	3521	3475	1380.9
1382	3522	3468	1380.93
1383	3523	3468	1381.2
1383	3524	3468	1381.22
1383	3525	3468	1381.23
1383	3526	3475	1381.49
1383	3527	3468	1381.92
1383	3528	3475	1382.08
1384	3529	3475	1382.18
1384	3530	3475	1382.8
1384	3531	3468	1383.12
1385	3532	3475	1383.52
1385	3533	3468	1383.63
1385	3534	3468	1383.99
1389	3535	3086	1387.22
1389	3536	3086	1388.03
1390	3537	3411	1388.18
1390	3538	3086	1388.48
1390	3539	3086	1388.71
1390	3540	3086	1388.85
1390	3541	3086	1388.94
1390	3542	3086	1388.96
1390	3543	3086	1389.03
1391	3544	3086	1389.13
1391	3545	3086	1389.22
1391	3546	3086	1389.25
1391	3547	3086	1389.36
1391	3548	3086	1389.56
1391	3549	3086	1389.91
1392	3550	3086	1390.07
1392	3551	3086	1390.12
1392	3552	3086	1390.17
1392	3553	3086	1390.29
1392	3554	3086	1390.36
1392	3555	3086	1390.44
1392	3556	3086	1390.66
1392	3557	3086	1390.71
1392	3558	3086	1390.75
1392	3559	3086	1390.85
1392	3560	3086	1390.92
1392	3561	3086	1391.09
1393	3562	3086	1391.11
1393	3563	3086	1391.36
1393	3564	3086	1391.53
1393	3565	3086	1391.72
1393	3566	3086	1391.76
1393	3567	3086	1391.83
1393	3568	3086	1392.19
1394	3569	3086	1392.21
1394	3570	3086	1392.44
1394	3571	3086	1393.05
1395	3572	3086	1393.53
1396	3573	3295	1394.79
1397	3574	3397	1395.09
1397	3575	3397	1395.37
1397	3576	3295	1395.56
1398	3577	3295	1396.55
1398	3578	3295	1396.78
1398	3579	3295	1396.86
1398	3580	3295	1396.94
1398	3581	3295	1397.08
1399	3582	3295	1397.28
1399	3583	3295	1397.31
1399	3584	3295	1397.43
1399	3585	3295	1397.65
1399	3586	3295	1397.66
1399	3587	3295	1397.72
1399	3588	3295	1397.81
1399	3589	3295	1397.82
1399	3590	3295	1397.95
1399	3591	3295	1398.03
1400	3592	3295	1398.04
1400	3593	3295	1398.19
1400	3594	3295	1398.26
1400	3595	3295	1398.27
1400	3596	3424	1398.28
1400	3597	3295	1398.56
1400	3598	3295	1398.63
1400	3599	3295	1398.68
1400	3600	3295	1398.71
1400	3601	3295	1398.82
1400	3602	3295	1398.85
1400	3603	3295	1398.98
1400	3604	3295	1399
1401	3605	3295	1399.02
1401	3606	3295	1399.11
1401	3607	3295	1399.24
1401	3608	3295	1399.29
1401	3609	3295	1399.39
1401	3610	3295	1399.41
1401	3611	3295	1399.46
1401	3612	3295	1399.73
1401	3613	3295	1400.03
1402	3614	3295	1400.4
1402	3615	3295	1400.45
1402	3616	3397	1401.01
1405	3617	3295	1403.75
1412	3618	3397	1410.2
1413	3619	3412	1411.54
1420	3620	3411	1419.16
1437	3621	3485	1435.58
1437	3622	3485	1435.92
1437	3623	3487	1435.98
1440	3624	3509	1439.43
1443	3625	3487	1442.63
1445	3626	3485	1443.67
1446	3627	3487	1444.66
1449	3628	3487	1447.79
1455	3629	3487	1453.71
1458	3630	3487	1457.3
1463	3631	3626	1461.85
1463	3632	3626	1462.61
1464	3633	3626	1463.51
1465	3634	3626	1463.6
1465	3635	3626	1463.66
1465	3636	3626	1464.15
1466	3637	3626	1464.21
1466	3638	3626	1464.22
1466	3639	3626	1464.39
1466	3640	3626	1464.41
1466	3641	3626	1464.43
1466	3642	3578	1464.5
1466	3643	3626	1464.5
1466	3644	3626	1464.58
1466	3645	3626	1464.81
1466	3646	3626	1465.61
1467	3647	3626	1465.66
1467	3648	3626	1465.82
1468	3649	3626	1466.11
1468	3650	3626	1466.14
1468	3651	3626	1466.18
1468	3652	3578	1466.3
1468	3653	3626	1466.87
1468	3654	3578	1467.65
1469	3655	3578	1467.68
1470	3656	3578	1468.49
1470	3657	3578	1468.52
1470	3658	3578	1468.56
1470	3659	3578	1468.69
1470	3660	3578	1468.86
1470	3661	3578	1468.89
1470	3662	3578	1468.92
1470	3663	3578	1469.03
1471	3664	3578	1469.08
1471	3665	3578	1469.17
1471	3666	3578	1469.19
1471	3667	3578	1469.66
1471	3668	3578	1469.73
1471	3669	3578	1469.9
1471	3670	3578	1469.96
1471	3671	3578	1469.98
1471	3672	3578	1470.01
1472	3673	3578	1470.05
1472	3674	3578	1470.06
1472	3675	3578	1470.28
1472	3676	3578	1470.48
1472	3677	3578	1470.58
1472	3678	3578	1470.64
1472	3679	3578	1470.69
1472	3680	3578	1471.03
1473	3681	3578	1471.21
1473	3682	3578	1471.31
1473	3683	3578	1471.41
1473	3684	3578	1471.49
1473	3685	3578	1471.55
1473	3686	3578	1472.07
1475	3687	3578	1473.52
1475	3688	3487	1473.89
1477	3689	3487	1475.05
1477	3690	3487	1475.12
1477	3691	3487	1475.45
1477	3692	3487	1475.79
1477	3693	3487	1475.89
1477	3694	3487	1475.89
1477	3695	3487	1476.25
1478	3696	3487	1476.26
1478	3697	3487	1476.33
1478	3698	3487	1476.34
1478	3699	3487	1476.41
1478	3700	3487	1476.45
1478	3701	3487	1476.61
1478	3702	3487	1476.64
1478	3703	3487	1476.69
1478	3704	3487	1476.69
1478	3705	3487	1476.81
1478	3706	3487	1476.82
1478	3707	3487	1477.03
1479	3708	3487	1477.04
1479	3709	3487	1477.06
1479	3710	3487	1477.08
1479	3711	3487	1477.12
1479	3712	3487	1477.21
1479	3713	3487	1477.28
1479	3714	3487	1477.32
1479	3715	3556	1477.4
1479	3716	3487	1477.62
1479	3717	3487	1477.69
1479	3718	3487	1477.78
1479	3719	3487	1477.92
1479	3720	3487	1478.15
1480	3721	3487	1478.48
1480	3722	3487	1478.9
1481	3723	3487	1479.71
1481	3724	3487	1479.95
1485	3725	3505	1483.52
1485	3726	3505	1483.99
1486	3727	3505	1484.39
1486	3728	3505	1484.71
1486	3729	3626	1484.91
1487	3730	3505	1485.53
1487	3731	3505	1485.56
1487	3732	3505	1485.78
1487	3733	3505	1485.88
1488	3734	3505	1486.4
1488	3735	3505	1486.79
1488	3736	3505	1487.06
1489	3737	3505	1487.41
1489	3738	3505	1487.56
1489	3739	3505	1487.59
1489	3740	3505	1487.74
1489	3741	3505	1488.07
1490	3742	3505	1488.31
1490	3743	3505	1488.67
1490	3744	3505	1488.69
1490	3745	3505	1488.99
1490	3746	3505	1489.04
1491	3747	3505	1489.3
1491	3748	3505	1489.36
1491	3749	3505	1490.4
1493	3750	3505	1491.58
1502	3751	3519	1500.38
1502	3752	3519	1500.66
1502	3753	3519	1500.66
1502	3754	3519	1500.71
1502	3755	2994	1501.06
1503	3756	3519	1501.6
1504	3757	3519	1502.15
1504	3758	3519	1502.84
1504	3759	3519	1503.36
1505	3760	3519	1503.6
1505	3761	3519	1503.81
1505	3762	2994	1504.18
1506	3763	3519	1504.31
1506	3764	3519	1504.57
1506	3765	3519	1505.12
1508	3766	3633	1506.08
1508	3767	3519	1506.39
1508	3768	3633	1506.55
1509	3769	3633	1507.08
1509	3770	3633	1507.48
1509	3771	3633	1507.54
1509	3772	3519	1507.56
1509	3773	3638	1507.59
1509	3774	3633	1508.16
1510	3775	3638	1508.57
1510	3776	3633	1508.86
1511	3777	3519	1509.1
1511	3778	3633	1509.11
1511	3779	3633	1509.31
1511	3780	3633	1509.41
1511	3781	3633	1509.41
1511	3782	3633	1509.59
1511	3783	3638	1509.94
1511	3784	3633	1510.05
1512	3785	3646	1510.09
1512	3786	3638	1510.16
1512	3787	3633	1510.57
1512	3788	3638	1510.57
1512	3789	3633	1510.87
1513	3790	3633	1511.26
1513	3791	3646	1511.61
1520	3792	3553	1518.52
1520	3793	3551	1518.55
1520	3794	3551	1518.59
1520	3795	3551	1518.92
1520	3796	3553	1518.98
1521	3797	3553	1519.08
1521	3798	3553	1519.18
1521	3799	3551	1519.26
1521	3800	3553	1519.54
1521	3801	3551	1519.72
1521	3802	3551	1519.75
1521	3803	3553	1519.82
1521	3804	3553	1519.82
1521	3805	3551	1519.83
1521	3806	3553	1519.93
1521	3807	3551	1520.01
1522	3808	3553	1520.15
1522	3809	3553	1520.2
1522	3810	3553	1520.24
1522	3811	3553	1520.42
1522	3812	3553	1520.48
1522	3813	3553	1520.6
1522	3814	3551	1520.65
1522	3815	3551	1521.04
1523	3816	3553	1521.38
1523	3817	3553	1521.4
1523	3818	3551	1521.83
1523	3819	3553	1522.02
1524	3820	3551	1522.53
1525	3821	3556	1523.47
1525	3822	3545	1523.74
1525	3823	3545	1523.81
1525	3824	3551	1523.96
1525	3825	3545	1524.01
1526	3826	3545	1524.12
1526	3827	3545	1524.29
1526	3828	3545	1524.48
1526	3829	3556	1524.61
1526	3830	3556	1525.07
1527	3831	3545	1525.16
1527	3832	3545	1525.24
1527	3833	3556	1525.26
1527	3834	3545	1525.32
1527	3835	3545	1525.47
1527	3836	3556	1525.47
1527	3837	3545	1525.57
1527	3838	3545	1525.6
1527	3839	3545	1525.74
1527	3840	3556	1525.83
1527	3841	3545	1525.87
1527	3842	3545	1525.96
1527	3843	3545	1526.08
1528	3844	3545	1526.09
1528	3845	3545	1526.13
1528	3846	3556	1526.25
1528	3847	3556	1526.32
1528	3848	3545	1526.35
1528	3849	3545	1526.41
1528	3850	3545	1526.46
1528	3851	3545	1526.46
1528	3852	3556	1526.53
1528	3853	3556	1526.6
1528	3854	3556	1526.61
1528	3855	3545	1526.69
1528	3856	3545	1526.71
1528	3857	3545	1526.72
1528	3858	3545	1526.77
1528	3859	3545	1527.28
1529	3860	3545	1527.32
1529	3861	3545	1527.52
1529	3862	3545	1527.54
1529	3863	3545	1527.72
1531	3864	3545	1529.52
1531	3865	3519	1529.62
1532	3866	2994	1531.15
1535	3867	3519	1533.53
1535	3868	3519	1533.57
1537	3869	3519	1535.85
1537	3870	3519	1535.96
1538	3871	3519	1536.47
1538	3872	3519	1536.5
1538	3873	3519	1536.81
1539	3874	3519	1537.74
1539	3875	2994	1537.88
1539	3876	3697	1538.64
1540	3877	3690	1539.04
1542	3878	3706	1540.38
1542	3879	3690	1540.42
1542	3880	3697	1540.71
1542	3881	3690	1540.9
1542	3882	3697	1541.07
1543	3883	3697	1541.22
1543	3884	3690	1541.26
1543	3885	3690	1541.74
1543	3886	3690	1541.83
1543	3887	3690	1541.85
1543	3888	3690	1541.98
1544	3889	3697	1542.29
1544	3890	3697	1542.3
1544	3891	3697	1542.36
1544	3892	3706	1542.37
1544	3893	3697	1542.43
1544	3894	3690	1542.48
1544	3895	3690	1542.6
1544	3896	3690	1542.84
1544	3897	3706	1542.85
1544	3898	3519	1542.88
1544	3899	3690	1543.04
1545	3900	3690	1543.09
1545	3901	2994	1543.19
1545	3902	3706	1543.88
1545	3903	3519	1543.98
1547	3904	3519	1545.19
1547	3905	3706	1545.56
1549	3906	2994	1547.8
1550	3907	2994	1548.27
1550	3908	2994	1548.46
1550	3909	2994	1549.25
1552	3910	3505	1551.03
1554	3911	2994	1552.06
1554	3912	3505	1552.25
1554	3913	3505	1552.69
1554	3914	2994	1552.78
1554	3915	3505	1552.85
1555	3916	3725	1553.28
1555	3917	3505	1553.58
1555	3918	3505	1553.94
1555	3919	3727	1553.95
1555	3920	3505	1554.05
1556	3921	3725	1554.11
1556	3922	3505	1554.37
1556	3923	3725	1554.4
1556	3924	3725	1554.63
1557	3925	3725	1555.48
1557	3926	3727	1555.8
1557	3927	3725	1556.21
1558	3928	3728	1556.25
1558	3929	3725	1556.26
1558	3930	3727	1556.34
1558	3931	3725	1556.42
1558	3932	3505	1556.49
1558	3933	3727	1556.77
1558	3934	3725	1556.98
1558	3935	3725	1557.08
1559	3936	3505	1557.12
1559	3937	2994	1557.15
1559	3938	3725	1557.19
1559	3939	3725	1557.21
1559	3940	3725	1557.61
1560	3941	3750	1558.05
1560	3942	3725	1558.11
1560	3943	3727	1558.3
1560	3944	3725	1558.7
1560	3945	3725	1558.92
1561	3946	3505	1559.32
1563	3947	3727	1561.88
1564	3948	3869	1562.53
1565	3949	3725	1563.31
1565	3950	3869	1564.25
1566	3951	3869	1564.67
1567	3952	3869	1565.7
1567	3953	3869	1565.78
1567	3954	3869	1565.84
1567	3955	3869	1566.18
1568	3956	3869	1566.23
1568	3957	3869	1566.27
1568	3958	3869	1566.41
1568	3959	3869	1566.68
1568	3960	3869	1566.69
1568	3961	3869	1566.83
1568	3962	3869	1566.85
1568	3963	3869	1566.89
1568	3964	3869	1567.02
1569	3965	3869	1567.06
1569	3966	3869	1567.28
1569	3967	3869	1567.43
1569	3968	3869	1567.44
1569	3969	3869	1567.5
1569	3970	3869	1567.59
1569	3971	3869	1567.7
1570	3972	3869	1568.67
1571	3973	3869	1569.24
1573	3974	3869	1571.1
1573	3975	3763	1572.13
1579	3976	3763	1578.03
1581	3977	3868	1580.16
1582	3978	3868	1580.51
1583	3979	3868	1581.24
1583	3980	3868	1581.39
1583	3981	3868	1581.83
1583	3982	3868	1582.03
1584	3983	3763	1582.37
1584	3984	3868	1582.43
1584	3985	3868	1582.69
1584	3986	3868	1583.17
1585	3987	3868	1583.58
1585	3988	3868	1583.77
1586	3989	3868	1584.26
1586	3990	3868	1584.41
1586	3991	3868	1584.69
1586	3992	3868	1584.74
1587	3993	3868	1585.14
1587	3994	3868	1585.17
1587	3995	3763	1585.59
1587	3996	3763	1585.62
1587	3997	3868	1585.86
1587	3998	3868	1586.02
1588	3999	3868	1586.06
1588	4000	3868	1586.46
1588	4001	3763	1586.87
1588	4002	3763	1586.92
1593	4003	3763	1591.71
1594	4004	3763	1592.45
1613	4005	3983	1611.42
1614	4006	3983	1612.99
1616	4007	3983	1614.21
1616	4008	3990	1614.5
1616	4009	3983	1614.57
1616	4010	3983	1615.29
1617	4011	3983	1615.56
1618	4012	3983	1616.3
1619	4013	3983	1617.98
1619	4014	3983	1618.62
1622	4015	3995	1621.06
1623	4016	3983	1621.37
