t 	 Richness 	 Shannon Index 	 Evenness 
1 	 1 	 0.000000 	 nan 
2 	 2 	 0.000005 	 0.000007 
3 	 3 	 0.000007 	 0.000007 
4 	 4 	 0.000009 	 0.000006 
5 	 7 	 0.000010 	 0.000005 
6 	 19 	 0.000013 	 0.000005 
7 	 28 	 0.000015 	 0.000004 
8 	 32 	 0.000015 	 0.000004 
9 	 38 	 0.000016 	 0.000004 
10 	 30 	 0.000015 	 0.000004 
11 	 25 	 0.000014 	 0.000004 
12 	 25 	 0.000014 	 0.000004 
13 	 22 	 0.000014 	 0.000004 
14 	 20 	 0.000014 	 0.000005 
15 	 19 	 0.000013 	 0.000005 
16 	 18 	 0.000013 	 0.000005 
17 	 16 	 0.000013 	 0.000005 
18 	 14 	 0.000012 	 0.000005 
19 	 14 	 0.000012 	 0.000005 
20 	 13 	 0.000012 	 0.000005 
21 	 11 	 0.000012 	 0.000005 
22 	 10 	 0.000012 	 0.000005 
23 	 9 	 0.000013 	 0.000006 
24 	 8 	 0.000014 	 0.000007 
25 	 8 	 0.000015 	 0.000007 
26 	 8 	 0.000017 	 0.000008 
27 	 8 	 0.000020 	 0.000010 
28 	 7 	 0.000023 	 0.000012 
29 	 7 	 0.000037 	 0.000019 
30 	 7 	 0.000049 	 0.000025 
31 	 6 	 0.000065 	 0.000036 
32 	 6 	 0.000090 	 0.000050 
33 	 6 	 0.000126 	 0.000070 
34 	 6 	 0.000178 	 0.000099 
35 	 6 	 0.000195 	 0.000109 
36 	 6 	 0.000263 	 0.000147 
37 	 5 	 0.000374 	 0.000233 
38 	 5 	 0.000600 	 0.000373 
39 	 5 	 0.000865 	 0.000538 
40 	 5 	 0.001139 	 0.000708 
41 	 5 	 0.001644 	 0.001021 
42 	 5 	 0.002373 	 0.001474 
43 	 5 	 0.003424 	 0.002128 
44 	 4 	 0.004934 	 0.003559 
45 	 4 	 0.007110 	 0.005129 
46 	 4 	 0.010232 	 0.007381 
47 	 4 	 0.014693 	 0.010599 
48 	 4 	 0.021046 	 0.015182 
49 	 4 	 0.030050 	 0.021676 
50 	 4 	 0.042733 	 0.030825 
51 	 4 	 0.060461 	 0.043614 
52 	 4 	 0.084999 	 0.061314 
53 	 4 	 0.118517 	 0.085492 
54 	 4 	 0.163505 	 0.117944 
55 	 4 	 0.222463 	 0.160473 
56 	 4 	 0.297223 	 0.214401 
57 	 4 	 0.387747 	 0.279700 
58 	 4 	 0.490420 	 0.353763 
59 	 4 	 0.596371 	 0.430191 
60 	 4 	 0.691149 	 0.498559 
61 	 4 	 0.757498 	 0.546419 
62 	 4 	 0.781460 	 0.563704 
63 	 4 	 0.732654 	 0.528498 
64 	 4 	 0.656989 	 0.473917 
65 	 4 	 0.565383 	 0.407838 
66 	 4 	 0.472413 	 0.340774 
67 	 4 	 0.387710 	 0.279674 
68 	 4 	 0.315865 	 0.227849 
69 	 4 	 0.257876 	 0.186018 
70 	 4 	 0.212734 	 0.153455 
71 	 4 	 0.178615 	 0.128843 
72 	 4 	 0.153589 	 0.110791 
73 	 5 	 0.142455 	 0.088512 
74 	 5 	 0.128077 	 0.079579 
75 	 5 	 0.119933 	 0.074519 
76 	 7 	 0.116598 	 0.059919 
77 	 7 	 0.118973 	 0.061140 
78 	 7 	 0.124833 	 0.064152 
79 	 7 	 0.136790 	 0.070296 
80 	 8 	 0.172349 	 0.082882 
81 	 8 	 0.190124 	 0.091430 
82 	 8 	 0.228986 	 0.110119 
83 	 8 	 0.260996 	 0.125513 
84 	 8 	 0.321250 	 0.154489 
85 	 8 	 0.446564 	 0.214752 
86 	 7 	 0.545037 	 0.280094 
87 	 7 	 0.653877 	 0.336026 
88 	 7 	 0.765876 	 0.393582 
89 	 7 	 0.821096 	 0.421960 
90 	 7 	 0.919634 	 0.472598 
91 	 7 	 0.998299 	 0.513024 
92 	 8 	 1.059086 	 0.509313 
93 	 9 	 1.085791 	 0.494165 
94 	 10 	 1.096816 	 0.476341 
95 	 13 	 1.094976 	 0.426900 
96 	 13 	 1.086285 	 0.423511 
97 	 13 	 1.076605 	 0.419737 
98 	 14 	 1.059505 	 0.401471 
99 	 16 	 1.051561 	 0.379270 
100 	 16 	 1.041640 	 0.375692 
101 	 16 	 1.029483 	 0.371308 
102 	 13 	 1.026714 	 0.400286 
103 	 14 	 1.020115 	 0.386545 
104 	 14 	 1.017498 	 0.385553 
105 	 12 	 1.013693 	 0.407940 
106 	 11 	 1.010678 	 0.421486 
107 	 11 	 1.008311 	 0.420498 
108 	 10 	 1.006473 	 0.437106 
109 	 10 	 1.004844 	 0.436398 
110 	 10 	 1.003927 	 0.436000 
111 	 10 	 1.003255 	 0.435708 
112 	 10 	 1.002881 	 0.435546 
113 	 9 	 1.002825 	 0.456405 
114 	 8 	 1.003636 	 0.482647 
115 	 8 	 1.005068 	 0.483336 
116 	 8 	 1.007764 	 0.484632 
117 	 8 	 1.012643 	 0.486978 
118 	 8 	 1.021274 	 0.491129 
119 	 8 	 1.036224 	 0.498318 
120 	 8 	 1.061354 	 0.510403 
121 	 8 	 1.101603 	 0.529759 
122 	 8 	 1.160939 	 0.558294 
123 	 8 	 1.235876 	 0.594331 
124 	 8 	 1.302747 	 0.626489 
125 	 8 	 1.315403 	 0.632575 
126 	 9 	 1.163017 	 0.529312 
127 	 9 	 0.920494 	 0.418935 
128 	 9 	 0.652816 	 0.297109 
129 	 9 	 0.431017 	 0.196164 
130 	 10 	 0.327058 	 0.142039 
131 	 11 	 0.258331 	 0.107732 
132 	 13 	 0.166972 	 0.065097 
133 	 15 	 0.114606 	 0.042321 
134 	 15 	 0.086245 	 0.031848 
135 	 15 	 0.070413 	 0.026001 
136 	 17 	 0.061162 	 0.021588 
137 	 17 	 0.056353 	 0.019890 
138 	 17 	 0.053896 	 0.019023 
139 	 15 	 0.052325 	 0.019322 
140 	 15 	 0.052131 	 0.019250 
141 	 15 	 0.052227 	 0.019286 
142 	 15 	 0.053132 	 0.019620 
143 	 15 	 0.055505 	 0.020496 
144 	 15 	 0.060738 	 0.022429 
145 	 15 	 0.071723 	 0.026485 
146 	 15 	 0.094892 	 0.035041 
147 	 15 	 0.139566 	 0.051537 
148 	 14 	 0.221920 	 0.084091 
149 	 15 	 0.417328 	 0.154106 
150 	 15 	 0.599085 	 0.221224 
151 	 16 	 0.713657 	 0.257397 
152 	 18 	 0.650901 	 0.225196 
153 	 20 	 0.536269 	 0.179011 
154 	 20 	 0.449426 	 0.150022 
155 	 23 	 0.301690 	 0.096218 
156 	 23 	 0.255882 	 0.081608 
157 	 25 	 0.230709 	 0.071674 
158 	 29 	 0.207247 	 0.061547 
159 	 23 	 0.199705 	 0.063692 
160 	 23 	 0.197365 	 0.062945 
161 	 23 	 0.197224 	 0.062900 
162 	 23 	 0.196207 	 0.062576 
163 	 23 	 0.196369 	 0.062628 
164 	 22 	 0.198657 	 0.064269 
165 	 21 	 0.199833 	 0.065637 
166 	 21 	 0.203918 	 0.066979 
167 	 21 	 0.210954 	 0.069290 
168 	 20 	 0.218080 	 0.072797 
169 	 20 	 0.234734 	 0.078356 
170 	 18 	 0.285660 	 0.098831 
171 	 17 	 0.344013 	 0.121421 
172 	 17 	 0.444064 	 0.156735 
173 	 17 	 0.518617 	 0.183049 
174 	 17 	 0.681896 	 0.240679 
175 	 15 	 1.000590 	 0.369487 
176 	 15 	 1.192972 	 0.440528 
177 	 16 	 1.236241 	 0.445880 
178 	 18 	 1.328301 	 0.459561 
179 	 18 	 1.339400 	 0.463401 
180 	 17 	 1.315503 	 0.464315 
181 	 19 	 1.279679 	 0.434609 
182 	 21 	 1.270202 	 0.417209 
183 	 23 	 1.297075 	 0.413675 
184 	 24 	 1.342037 	 0.422283 
185 	 27 	 1.391673 	 0.422252 
186 	 29 	 1.402624 	 0.416543 
187 	 38 	 1.396526 	 0.383916 
188 	 39 	 1.371686 	 0.374413 
189 	 39 	 1.361285 	 0.371574 
190 	 36 	 1.360535 	 0.379665 
191 	 32 	 1.414564 	 0.408157 
192 	 33 	 1.429487 	 0.408833 
193 	 34 	 1.560513 	 0.442528 
194 	 41 	 1.643060 	 0.442447 
195 	 49 	 1.463715 	 0.376100 
196 	 68 	 1.189649 	 0.281940 
197 	 73 	 1.058391 	 0.246685 
198 	 75 	 1.033849 	 0.239456 
199 	 77 	 1.045854 	 0.240769 
200 	 71 	 1.120484 	 0.262859 
201 	 70 	 1.153614 	 0.271535 
202 	 71 	 1.292952 	 0.303319 
203 	 68 	 1.383984 	 0.327997 
204 	 69 	 1.467787 	 0.346658 
205 	 68 	 1.555434 	 0.368629 
206 	 67 	 1.622198 	 0.385807 
207 	 65 	 1.694748 	 0.405987 
208 	 64 	 1.788177 	 0.429966 
209 	 61 	 1.874495 	 0.455985 
210 	 61 	 1.922123 	 0.467570 
211 	 61 	 1.909799 	 0.464572 
212 	 63 	 1.857021 	 0.448216 
213 	 66 	 1.803447 	 0.430452 
214 	 63 	 1.771645 	 0.427610 
215 	 62 	 1.762200 	 0.426979 
216 	 61 	 1.756016 	 0.427164 
217 	 60 	 1.753685 	 0.428319 
218 	 55 	 1.753135 	 0.437482 
219 	 53 	 1.753402 	 0.441630 
220 	 50 	 1.754978 	 0.448611 
221 	 49 	 1.755705 	 0.451127 
222 	 49 	 1.756493 	 0.451329 
223 	 48 	 1.757853 	 0.454085 
224 	 47 	 1.759349 	 0.456956 
225 	 45 	 1.761006 	 0.462612 
226 	 45 	 1.763101 	 0.463162 
227 	 44 	 1.766249 	 0.466744 
228 	 43 	 1.768217 	 0.470121 
229 	 43 	 1.768775 	 0.470269 
230 	 42 	 1.770879 	 0.473792 
231 	 40 	 1.773093 	 0.480659 
232 	 39 	 1.775426 	 0.484618 
233 	 39 	 1.779310 	 0.485678 
234 	 37 	 1.781978 	 0.493497 
235 	 37 	 1.784793 	 0.494277 
236 	 36 	 1.787761 	 0.498884 
237 	 35 	 1.790893 	 0.503718 
238 	 35 	 1.791964 	 0.504019 
239 	 34 	 1.795328 	 0.509116 
240 	 34 	 1.798879 	 0.510123 
241 	 34 	 1.802629 	 0.511187 
242 	 34 	 1.806585 	 0.512309 
243 	 33 	 1.810755 	 0.517875 
244 	 33 	 1.815159 	 0.519135 
245 	 32 	 1.821952 	 0.525704 
246 	 32 	 1.826965 	 0.527151 
247 	 32 	 1.832247 	 0.528675 
248 	 32 	 1.837810 	 0.530280 
249 	 32 	 1.843665 	 0.531969 
250 	 32 	 1.849821 	 0.533746 
251 	 32 	 1.856291 	 0.535612 
252 	 31 	 1.863073 	 0.542539 
253 	 29 	 1.870169 	 0.555392 
254 	 29 	 1.877631 	 0.557608 
255 	 29 	 1.885437 	 0.559926 
256 	 29 	 1.893593 	 0.562348 
257 	 29 	 1.902104 	 0.564876 
258 	 29 	 1.910968 	 0.567508 
259 	 29 	 1.920185 	 0.570245 
260 	 29 	 1.929748 	 0.573085 
261 	 29 	 1.939651 	 0.576026 
262 	 29 	 1.949879 	 0.579064 
263 	 28 	 1.960377 	 0.588312 
264 	 28 	 1.971201 	 0.591561 
265 	 27 	 1.982234 	 0.601436 
266 	 27 	 1.993549 	 0.604869 
267 	 27 	 2.005054 	 0.608360 
268 	 26 	 2.016631 	 0.618960 
269 	 26 	 2.028373 	 0.622564 
270 	 26 	 2.040147 	 0.626178 
271 	 26 	 2.051889 	 0.629782 
272 	 25 	 2.063418 	 0.641037 
273 	 25 	 2.074861 	 0.644592 
274 	 25 	 2.086026 	 0.648060 
275 	 24 	 2.096665 	 0.659732 
276 	 23 	 2.106820 	 0.671926 
277 	 23 	 2.116553 	 0.675030 
278 	 23 	 2.125602 	 0.677916 
279 	 23 	 2.133855 	 0.680548 
280 	 23 	 2.141205 	 0.682892 
281 	 23 	 2.147544 	 0.684914 
282 	 23 	 2.152770 	 0.686581 
283 	 21 	 2.156126 	 0.708198 
284 	 21 	 2.158832 	 0.709087 
285 	 21 	 2.160182 	 0.709531 
286 	 21 	 2.160121 	 0.709511 
287 	 21 	 2.158614 	 0.709016 
288 	 21 	 2.155649 	 0.708042 
289 	 21 	 2.151233 	 0.706591 
290 	 21 	 2.145398 	 0.704675 
291 	 21 	 2.138198 	 0.702310 
292 	 21 	 2.129715 	 0.699524 
293 	 21 	 2.120048 	 0.696348 
294 	 21 	 2.109317 	 0.692824 
295 	 21 	 2.097664 	 0.688996 
296 	 21 	 2.085236 	 0.684914 
297 	 21 	 2.072199 	 0.680632 
298 	 20 	 2.057696 	 0.686876 
299 	 20 	 2.043934 	 0.682282 
300 	 20 	 2.030054 	 0.677649 
301 	 20 	 2.016204 	 0.673026 
302 	 20 	 2.002517 	 0.668457 
303 	 20 	 1.989106 	 0.663980 
304 	 20 	 1.976060 	 0.659625 
305 	 20 	 1.963438 	 0.655412 
306 	 20 	 1.951275 	 0.651352 
307 	 20 	 1.939573 	 0.647445 
308 	 20 	 1.928302 	 0.643683 
309 	 20 	 1.917413 	 0.640048 
310 	 20 	 1.906818 	 0.636511 
311 	 20 	 1.896417 	 0.633039 
312 	 20 	 1.886085 	 0.629590 
313 	 20 	 1.875681 	 0.626118 
314 	 19 	 1.863306 	 0.632822 
315 	 19 	 1.852493 	 0.629150 
316 	 19 	 1.841160 	 0.625301 
317 	 19 	 1.829165 	 0.621227 
318 	 19 	 1.816383 	 0.616886 
319 	 19 	 1.802705 	 0.612240 
320 	 19 	 1.788043 	 0.607261 
321 	 19 	 1.772331 	 0.601925 
322 	 19 	 1.755531 	 0.596219 
323 	 19 	 1.737626 	 0.590138 
324 	 19 	 1.718626 	 0.583685 
325 	 19 	 1.698566 	 0.576872 
326 	 19 	 1.677500 	 0.569718 
327 	 19 	 1.655506 	 0.562248 
328 	 19 	 1.632671 	 0.554493 
329 	 19 	 1.609100 	 0.546488 
330 	 19 	 1.584908 	 0.538272 
331 	 19 	 1.560214 	 0.529885 
332 	 19 	 1.535141 	 0.521370 
333 	 19 	 1.509811 	 0.512767 
334 	 18 	 1.482729 	 0.512989 
335 	 18 	 1.457457 	 0.504245 
336 	 18 	 1.432246 	 0.495523 
337 	 18 	 1.407201 	 0.486858 
338 	 15 	 1.378279 	 0.508956 
339 	 15 	 1.354393 	 0.500136 
340 	 15 	 1.330859 	 0.491445 
341 	 14 	 1.306479 	 0.495055 
342 	 13 	 1.282843 	 0.500144 
343 	 12 	 1.259896 	 0.507019 
344 	 12 	 1.238835 	 0.498544 
345 	 12 	 1.218324 	 0.490289 
346 	 12 	 1.198394 	 0.482269 
347 	 12 	 1.179071 	 0.474493 
348 	 12 	 1.160371 	 0.466967 
349 	 12 	 1.142301 	 0.459696 
350 	 12 	 1.124867 	 0.452680 
351 	 11 	 1.107253 	 0.461760 
352 	 11 	 1.091200 	 0.455066 
353 	 11 	 1.075746 	 0.448621 
354 	 11 	 1.060881 	 0.442422 
355 	 11 	 1.046592 	 0.436463 
356 	 11 	 1.032862 	 0.430737 
357 	 11 	 1.019675 	 0.425237 
358 	 10 	 1.006384 	 0.437067 
359 	 10 	 0.994284 	 0.431812 
360 	 10 	 0.982662 	 0.426765 
361 	 10 	 0.971497 	 0.421916 
362 	 10 	 0.960769 	 0.417257 
363 	 10 	 0.950452 	 0.412776 
364 	 10 	 0.940532 	 0.408468 
365 	 10 	 0.930984 	 0.404321 
366 	 10 	 0.921795 	 0.400330 
367 	 9 	 0.912520 	 0.415306 
368 	 9 	 0.904018 	 0.411436 
369 	 9 	 0.895810 	 0.407701 
370 	 9 	 0.887882 	 0.404093 
371 	 9 	 0.880220 	 0.400605 
372 	 9 	 0.872805 	 0.397231 
373 	 9 	 0.865625 	 0.393963 
374 	 9 	 0.858667 	 0.390796 
375 	 9 	 0.851915 	 0.387723 
376 	 9 	 0.845359 	 0.384740 
377 	 9 	 0.838988 	 0.381840 
378 	 9 	 0.832789 	 0.379019 
379 	 9 	 0.826753 	 0.376272 
380 	 9 	 0.820871 	 0.373595 
381 	 9 	 0.815137 	 0.370985 
382 	 9 	 0.809536 	 0.368436 
383 	 9 	 0.804066 	 0.365946 
384 	 9 	 0.797443 	 0.362932 
385 	 9 	 0.792240 	 0.360564 
386 	 9 	 0.787148 	 0.358247 
387 	 9 	 0.782160 	 0.355976 
388 	 9 	 0.777271 	 0.353751 
389 	 9 	 0.772479 	 0.351570 
390 	 9 	 0.767779 	 0.349431 
391 	 9 	 0.763167 	 0.347332 
392 	 9 	 0.758641 	 0.345273 
393 	 9 	 0.754199 	 0.343251 
394 	 9 	 0.749839 	 0.341266 
395 	 9 	 0.745559 	 0.339318 
396 	 9 	 0.741357 	 0.337406 
397 	 9 	 0.737233 	 0.335529 
398 	 9 	 0.733186 	 0.333687 
399 	 9 	 0.729215 	 0.331880 
400 	 9 	 0.725321 	 0.330108 
401 	 9 	 0.721504 	 0.328370 
402 	 9 	 0.717765 	 0.326669 
403 	 9 	 0.714103 	 0.325002 
404 	 9 	 0.710520 	 0.323372 
405 	 9 	 0.707022 	 0.321779 
406 	 9 	 0.703604 	 0.320224 
407 	 9 	 0.700269 	 0.318706 
408 	 9 	 0.697023 	 0.317229 
409 	 9 	 0.693864 	 0.315791 
410 	 9 	 0.690799 	 0.314396 
411 	 9 	 0.687828 	 0.313044 
412 	 8 	 0.684907 	 0.329371 
413 	 8 	 0.682140 	 0.328040 
414 	 7 	 0.679435 	 0.349160 
415 	 7 	 0.676883 	 0.347849 
416 	 7 	 0.674447 	 0.346597 
417 	 7 	 0.672127 	 0.345405 
418 	 7 	 0.669932 	 0.344277 
419 	 7 	 0.667864 	 0.343214 
420 	 7 	 0.665928 	 0.342220 
421 	 7 	 0.664134 	 0.341297 
422 	 7 	 0.662481 	 0.340448 
423 	 7 	 0.660981 	 0.339677 
424 	 7 	 0.659636 	 0.338986 
425 	 7 	 0.658455 	 0.338379 
426 	 7 	 0.657443 	 0.337859 
427 	 7 	 0.656607 	 0.337429 
428 	 7 	 0.655955 	 0.337094 
429 	 7 	 0.655493 	 0.336857 
430 	 7 	 0.655229 	 0.336721 
431 	 7 	 0.655171 	 0.336691 
432 	 7 	 0.655325 	 0.336770 
433 	 7 	 0.655698 	 0.336962 
434 	 7 	 0.656298 	 0.337271 
435 	 7 	 0.657135 	 0.337701 
436 	 7 	 0.658213 	 0.338255 
437 	 7 	 0.659543 	 0.338938 
438 	 7 	 0.661131 	 0.339754 
439 	 7 	 0.662982 	 0.340705 
440 	 7 	 0.665105 	 0.341797 
441 	 7 	 0.667507 	 0.343031 
442 	 7 	 0.670193 	 0.344411 
443 	 7 	 0.673169 	 0.345941 
444 	 7 	 0.676441 	 0.347622 
445 	 7 	 0.680014 	 0.349458 
446 	 7 	 0.683891 	 0.351451 
447 	 7 	 0.688076 	 0.353601 
448 	 7 	 0.692571 	 0.355911 
449 	 7 	 0.697377 	 0.358381 
450 	 7 	 0.702495 	 0.361011 
451 	 7 	 0.707926 	 0.363802 
452 	 7 	 0.713664 	 0.366751 
453 	 7 	 0.715178 	 0.367529 
454 	 6 	 0.721291 	 0.402560 
455 	 6 	 0.727716 	 0.406146 
456 	 6 	 0.739034 	 0.412463 
457 	 6 	 0.746218 	 0.416472 
458 	 6 	 0.750625 	 0.418932 
459 	 6 	 0.758231 	 0.423177 
460 	 6 	 0.766083 	 0.427559 
461 	 6 	 0.774168 	 0.432071 
462 	 6 	 0.782461 	 0.436700 
463 	 6 	 0.790952 	 0.441439 
464 	 6 	 0.799617 	 0.446275 
465 	 6 	 0.808432 	 0.451194 
466 	 6 	 0.817373 	 0.456185 
467 	 6 	 0.826420 	 0.461234 
468 	 6 	 0.835540 	 0.466324 
469 	 6 	 0.844710 	 0.471442 
470 	 6 	 0.853900 	 0.476571 
471 	 6 	 0.863081 	 0.481695 
472 	 6 	 0.873714 	 0.487629 
473 	 6 	 0.882780 	 0.492689 
474 	 6 	 0.891749 	 0.497694 
475 	 6 	 0.900590 	 0.502629 
476 	 6 	 0.909277 	 0.507477 
477 	 6 	 0.917786 	 0.512226 
478 	 6 	 0.929452 	 0.518737 
479 	 6 	 0.937432 	 0.523191 
480 	 6 	 0.945078 	 0.527458 
481 	 6 	 0.952537 	 0.531621 
482 	 6 	 0.959705 	 0.535622 
483 	 6 	 0.966576 	 0.539456 
484 	 6 	 0.973137 	 0.543118 
485 	 6 	 0.979381 	 0.546603 
486 	 6 	 0.985303 	 0.549908 
487 	 6 	 0.990901 	 0.553032 
488 	 6 	 0.996175 	 0.555976 
489 	 6 	 1.001128 	 0.558740 
490 	 5 	 1.005757 	 0.624912 
491 	 4 	 1.010077 	 0.728616 
492 	 4 	 1.014105 	 0.731522 
493 	 4 	 1.017845 	 0.734220 
494 	 4 	 1.021310 	 0.736719 
495 	 4 	 1.024513 	 0.739030 
496 	 4 	 1.027471 	 0.741164 
497 	 4 	 1.030200 	 0.743132 
498 	 4 	 1.032718 	 0.744948 
499 	 4 	 1.035042 	 0.746625 
500 	 4 	 1.037193 	 0.748177 
501 	 4 	 1.039190 	 0.749617 
502 	 4 	 1.041051 	 0.750959 
503 	 4 	 1.042798 	 0.752219 
504 	 4 	 1.044449 	 0.753411 
505 	 4 	 1.046026 	 0.754548 
506 	 4 	 1.047547 	 0.755645 
507 	 4 	 1.049033 	 0.756717 
508 	 4 	 1.050503 	 0.757777 
509 	 4 	 1.051974 	 0.758839 
510 	 4 	 1.053468 	 0.759916 
511 	 4 	 1.055001 	 0.761023 
512 	 4 	 1.056593 	 0.762170 
513 	 4 	 1.058260 	 0.763373 
514 	 4 	 1.060019 	 0.764642 
515 	 4 	 1.061889 	 0.765991 
516 	 4 	 1.063884 	 0.767430 
517 	 4 	 1.066021 	 0.768972 
518 	 4 	 1.068317 	 0.770628 
519 	 4 	 1.070785 	 0.772408 
520 	 4 	 1.073440 	 0.774323 
521 	 4 	 1.076297 	 0.776384 
522 	 4 	 1.079369 	 0.778600 
523 	 4 	 1.082667 	 0.780979 
524 	 4 	 1.086207 	 0.783532 
525 	 4 	 1.089996 	 0.786266 
526 	 4 	 1.094047 	 0.789188 
527 	 4 	 1.098369 	 0.792305 
528 	 4 	 1.100517 	 0.793855 
529 	 4 	 1.105252 	 0.797270 
530 	 4 	 1.110274 	 0.800893 
531 	 4 	 1.115588 	 0.804727 
532 	 4 	 1.121198 	 0.808773 
533 	 4 	 1.127102 	 0.813032 
534 	 4 	 1.133297 	 0.817501 
535 	 4 	 1.139780 	 0.822178 
536 	 4 	 1.146541 	 0.827055 
537 	 4 	 1.153569 	 0.832124 
538 	 4 	 1.160849 	 0.837375 
539 	 4 	 1.168358 	 0.842792 
540 	 4 	 1.176074 	 0.848358 
541 	 4 	 1.183966 	 0.854051 
542 	 4 	 1.191999 	 0.859845 
543 	 4 	 1.200130 	 0.865711 
544 	 4 	 1.208313 	 0.871613 
545 	 4 	 1.216493 	 0.877514 
546 	 4 	 1.224608 	 0.883368 
547 	 4 	 1.232591 	 0.889126 
548 	 4 	 1.240367 	 0.894736 
549 	 4 	 1.247853 	 0.900135 
550 	 4 	 1.254960 	 0.905262 
551 	 4 	 1.261594 	 0.910048 
552 	 4 	 1.267651 	 0.914417 
553 	 4 	 1.273029 	 0.918296 
554 	 4 	 1.277616 	 0.921605 
555 	 4 	 1.281300 	 0.924263 
556 	 4 	 1.283967 	 0.926187 
557 	 4 	 1.285504 	 0.927295 
558 	 4 	 1.285803 	 0.927511 
559 	 4 	 1.284754 	 0.926754 
560 	 4 	 1.282259 	 0.924955 
561 	 4 	 1.278229 	 0.922047 
562 	 4 	 1.272582 	 0.917974 
563 	 4 	 1.265251 	 0.912686 
564 	 4 	 1.256185 	 0.906146 
565 	 4 	 1.245348 	 0.898329 
566 	 4 	 1.232723 	 0.889222 
567 	 4 	 1.218312 	 0.878826 
568 	 4 	 1.202133 	 0.867156 
569 	 4 	 1.184229 	 0.854241 
570 	 4 	 1.164660 	 0.840125 
571 	 4 	 1.143501 	 0.824862 
572 	 4 	 1.120848 	 0.808521 
573 	 4 	 1.096811 	 0.791182 
574 	 4 	 1.071513 	 0.772933 
575 	 4 	 1.045088 	 0.753872 
576 	 4 	 1.017678 	 0.734100 
577 	 4 	 0.989431 	 0.713723 
578 	 4 	 0.960499 	 0.692854 
579 	 4 	 0.931034 	 0.671599 
580 	 4 	 0.901188 	 0.650070 
581 	 4 	 0.871105 	 0.628369 
582 	 4 	 0.840929 	 0.606602 
583 	 4 	 0.810795 	 0.584865 
584 	 4 	 0.780825 	 0.563246 
585 	 4 	 0.751136 	 0.541830 
586 	 4 	 0.721836 	 0.520695 
587 	 4 	 0.693019 	 0.499907 
588 	 4 	 0.664767 	 0.479528 
589 	 4 	 0.637154 	 0.459609 
590 	 4 	 0.610242 	 0.440196 
591 	 4 	 0.584082 	 0.421326 
592 	 4 	 0.558717 	 0.403029 
593 	 4 	 0.534178 	 0.385328 
594 	 4 	 0.510490 	 0.368241 
595 	 4 	 0.487670 	 0.351779 
596 	 4 	 0.465724 	 0.335949 
597 	 4 	 0.444657 	 0.320752 
598 	 4 	 0.424465 	 0.306187 
599 	 4 	 0.405141 	 0.292247 
600 	 4 	 0.386670 	 0.278923 
601 	 4 	 0.369038 	 0.266205 
602 	 4 	 0.352227 	 0.254078 
603 	 4 	 0.336214 	 0.242527 
604 	 4 	 0.320975 	 0.231534 
605 	 4 	 0.306487 	 0.221083 
606 	 5 	 0.290943 	 0.180773 
607 	 5 	 0.277968 	 0.172711 
608 	 5 	 0.265659 	 0.165063 
609 	 5 	 0.253988 	 0.157812 
610 	 5 	 0.242928 	 0.150940 
611 	 5 	 0.232452 	 0.144430 
612 	 5 	 0.222531 	 0.138267 
613 	 5 	 0.213141 	 0.132432 
614 	 5 	 0.204255 	 0.126911 
615 	 5 	 0.195848 	 0.121687 
616 	 5 	 0.187897 	 0.116747 
617 	 5 	 0.180376 	 0.112074 
618 	 5 	 0.173266 	 0.107656 
619 	 5 	 0.166542 	 0.103478 
620 	 5 	 0.160185 	 0.099529 
621 	 5 	 0.154175 	 0.095794 
622 	 5 	 0.148493 	 0.092264 
623 	 5 	 0.143121 	 0.088926 
624 	 5 	 0.138041 	 0.085770 
625 	 5 	 0.133238 	 0.082786 
626 	 5 	 0.128696 	 0.079964 
627 	 5 	 0.124401 	 0.077295 
628 	 5 	 0.120338 	 0.074770 
629 	 5 	 0.116495 	 0.072382 
630 	 5 	 0.112858 	 0.070123 
631 	 5 	 0.109417 	 0.067985 
632 	 5 	 0.106160 	 0.065961 
633 	 5 	 0.103078 	 0.064046 
634 	 5 	 0.100159 	 0.062232 
635 	 5 	 0.097394 	 0.060515 
636 	 5 	 0.094776 	 0.058888 
637 	 5 	 0.092296 	 0.057347 
638 	 5 	 0.089946 	 0.055886 
639 	 5 	 0.087718 	 0.054502 
640 	 5 	 0.085607 	 0.053190 
641 	 5 	 0.083604 	 0.051946 
642 	 5 	 0.081706 	 0.050767 
643 	 5 	 0.079905 	 0.049648 
644 	 5 	 0.078196 	 0.048586 
645 	 5 	 0.076574 	 0.047578 
646 	 5 	 0.075035 	 0.046622 
647 	 5 	 0.073574 	 0.045714 
648 	 5 	 0.072187 	 0.044852 
649 	 5 	 0.070869 	 0.044034 
650 	 5 	 0.069618 	 0.043256 
651 	 5 	 0.068429 	 0.042517 
652 	 5 	 0.067300 	 0.041816 
653 	 5 	 0.066226 	 0.041149 
654 	 5 	 0.065206 	 0.040515 
655 	 6 	 0.064016 	 0.035728 
656 	 6 	 0.063109 	 0.035222 
657 	 6 	 0.062248 	 0.034741 
658 	 6 	 0.061429 	 0.034284 
659 	 6 	 0.060651 	 0.033850 
660 	 6 	 0.059912 	 0.033437 
661 	 6 	 0.059210 	 0.033045 
662 	 6 	 0.058542 	 0.032673 
663 	 6 	 0.057909 	 0.032319 
664 	 6 	 0.057307 	 0.031984 
665 	 6 	 0.056735 	 0.031665 
666 	 6 	 0.056193 	 0.031362 
667 	 6 	 0.055679 	 0.031075 
668 	 6 	 0.055191 	 0.030803 
669 	 6 	 0.054729 	 0.030545 
670 	 6 	 0.054291 	 0.030300 
671 	 6 	 0.053876 	 0.030069 
672 	 6 	 0.053485 	 0.029850 
673 	 6 	 0.053114 	 0.029644 
674 	 6 	 0.052765 	 0.029449 
675 	 6 	 0.052436 	 0.029265 
676 	 6 	 0.052127 	 0.029093 
677 	 6 	 0.051836 	 0.028930 
678 	 6 	 0.051565 	 0.028779 
679 	 6 	 0.051311 	 0.028637 
680 	 6 	 0.051074 	 0.028505 
681 	 6 	 0.050855 	 0.028383 
682 	 6 	 0.050653 	 0.028270 
683 	 6 	 0.050467 	 0.028166 
684 	 6 	 0.050298 	 0.028072 
685 	 6 	 0.050145 	 0.027987 
686 	 6 	 0.050009 	 0.027911 
687 	 6 	 0.049889 	 0.027844 
688 	 6 	 0.049785 	 0.027786 
689 	 6 	 0.049699 	 0.027737 
690 	 6 	 0.049628 	 0.027698 
691 	 6 	 0.049575 	 0.027669 
692 	 6 	 0.049540 	 0.027649 
693 	 6 	 0.049523 	 0.027639 
694 	 6 	 0.049524 	 0.027640 
695 	 6 	 0.049545 	 0.027651 
696 	 6 	 0.049586 	 0.027674 
697 	 6 	 0.049648 	 0.027709 
698 	 6 	 0.049732 	 0.027756 
699 	 6 	 0.049839 	 0.027816 
700 	 6 	 0.049971 	 0.027889 
701 	 6 	 0.050129 	 0.027978 
702 	 6 	 0.050315 	 0.028081 
703 	 6 	 0.050531 	 0.028202 
704 	 6 	 0.050778 	 0.028340 
705 	 6 	 0.051060 	 0.028497 
706 	 6 	 0.051378 	 0.028674 
707 	 6 	 0.051735 	 0.028874 
708 	 6 	 0.052134 	 0.029097 
709 	 6 	 0.052579 	 0.029345 
710 	 6 	 0.053074 	 0.029621 
711 	 6 	 0.053622 	 0.029927 
712 	 6 	 0.054227 	 0.030265 
713 	 6 	 0.054895 	 0.030637 
714 	 6 	 0.055630 	 0.031048 
715 	 6 	 0.056439 	 0.031499 
716 	 6 	 0.057327 	 0.031995 
717 	 6 	 0.058302 	 0.032539 
718 	 6 	 0.059370 	 0.033135 
719 	 6 	 0.060539 	 0.033788 
720 	 6 	 0.061819 	 0.034502 
721 	 6 	 0.063219 	 0.035283 
722 	 6 	 0.064748 	 0.036136 
723 	 6 	 0.066418 	 0.037068 
724 	 6 	 0.068240 	 0.038085 
725 	 6 	 0.070227 	 0.039195 
726 	 6 	 0.072394 	 0.040404 
727 	 6 	 0.073723 	 0.041146 
728 	 6 	 0.076202 	 0.042529 
729 	 6 	 0.078901 	 0.044035 
730 	 6 	 0.081836 	 0.045674 
731 	 6 	 0.085028 	 0.047455 
732 	 6 	 0.088497 	 0.049391 
733 	 6 	 0.092264 	 0.051494 
734 	 6 	 0.096353 	 0.053776 
735 	 6 	 0.100788 	 0.056251 
736 	 6 	 0.105594 	 0.058933 
737 	 6 	 0.110800 	 0.061839 
738 	 6 	 0.116434 	 0.064983 
739 	 6 	 0.122525 	 0.068382 
740 	 6 	 0.129105 	 0.072055 
741 	 6 	 0.136208 	 0.076019 
742 	 6 	 0.143865 	 0.080292 
743 	 6 	 0.152111 	 0.084895 
744 	 6 	 0.160981 	 0.089845 
745 	 6 	 0.170510 	 0.095163 
746 	 6 	 0.180732 	 0.100869 
747 	 6 	 0.191682 	 0.106980 
748 	 6 	 0.203391 	 0.113515 
749 	 6 	 0.215891 	 0.120491 
750 	 6 	 0.229209 	 0.127924 
751 	 6 	 0.243370 	 0.135827 
752 	 6 	 0.258392 	 0.144211 
753 	 6 	 0.274288 	 0.153083 
754 	 6 	 0.291065 	 0.162447 
755 	 6 	 0.308721 	 0.172300 
756 	 6 	 0.327241 	 0.182637 
757 	 6 	 0.346599 	 0.193441 
758 	 6 	 0.366758 	 0.204692 
759 	 6 	 0.387662 	 0.216358 
760 	 6 	 0.409240 	 0.228401 
761 	 6 	 0.431403 	 0.240771 
762 	 6 	 0.454037 	 0.253403 
763 	 6 	 0.477015 	 0.266227 
764 	 6 	 0.500182 	 0.279157 
765 	 6 	 0.523364 	 0.292095 
766 	 6 	 0.546364 	 0.304931 
767 	 6 	 0.568970 	 0.317548 
768 	 6 	 0.590948 	 0.329814 
769 	 6 	 0.612053 	 0.341593 
770 	 6 	 0.632032 	 0.352744 
771 	 6 	 0.650624 	 0.363120 
772 	 6 	 0.667572 	 0.372579 
773 	 6 	 0.682628 	 0.380982 
774 	 6 	 0.695558 	 0.388198 
775 	 6 	 0.706153 	 0.394111 
776 	 6 	 0.714231 	 0.398620 
777 	 6 	 0.719648 	 0.401643 
778 	 6 	 0.722301 	 0.403124 
779 	 6 	 0.722131 	 0.403029 
780 	 6 	 0.719127 	 0.401353 
781 	 6 	 0.713325 	 0.398114 
782 	 6 	 0.704809 	 0.393361 
783 	 6 	 0.693704 	 0.387164 
784 	 6 	 0.680178 	 0.379614 
785 	 6 	 0.664428 	 0.370824 
786 	 6 	 0.646681 	 0.360919 
787 	 6 	 0.627183 	 0.350037 
788 	 6 	 0.606191 	 0.338322 
789 	 6 	 0.583970 	 0.325920 
790 	 6 	 0.560780 	 0.312978 
791 	 6 	 0.536881 	 0.299639 
792 	 6 	 0.512514 	 0.286040 
793 	 6 	 0.487905 	 0.272305 
794 	 6 	 0.463268 	 0.258555 
795 	 6 	 0.438788 	 0.244892 
796 	 6 	 0.414633 	 0.231411 
797 	 6 	 0.390946 	 0.218191 
798 	 6 	 0.367852 	 0.205302 
799 	 6 	 0.345449 	 0.192799 
800 	 6 	 0.323820 	 0.180727 
801 	 6 	 0.303028 	 0.169123 
802 	 6 	 0.283118 	 0.158011 
803 	 6 	 0.264122 	 0.147409 
804 	 6 	 0.246057 	 0.137327 
805 	 6 	 0.228929 	 0.127768 
806 	 6 	 0.212734 	 0.118729 
807 	 6 	 0.197461 	 0.110205 
808 	 6 	 0.183091 	 0.102185 
809 	 6 	 0.169599 	 0.094655 
810 	 6 	 0.156958 	 0.087600 
811 	 6 	 0.145134 	 0.081001 
812 	 6 	 0.134094 	 0.074839 
813 	 6 	 0.123802 	 0.069095 
814 	 6 	 0.114222 	 0.063748 
815 	 6 	 0.105314 	 0.058777 
816 	 6 	 0.097044 	 0.054161 
817 	 6 	 0.089374 	 0.049881 
818 	 6 	 0.082267 	 0.045914 
819 	 6 	 0.075691 	 0.042244 
820 	 6 	 0.069608 	 0.038849 
821 	 6 	 0.063989 	 0.035713 
822 	 6 	 0.058802 	 0.032818 
823 	 6 	 0.054016 	 0.030147 
824 	 6 	 0.049605 	 0.027685 
825 	 6 	 0.045541 	 0.025417 
826 	 6 	 0.041799 	 0.023329 
827 	 6 	 0.038356 	 0.021407 
828 	 6 	 0.035190 	 0.019640 
829 	 6 	 0.032279 	 0.018015 
830 	 6 	 0.029604 	 0.016522 
831 	 6 	 0.027148 	 0.015151 
832 	 6 	 0.024892 	 0.013893 
833 	 6 	 0.022823 	 0.012737 
834 	 6 	 0.020924 	 0.011678 
835 	 6 	 0.019182 	 0.010706 
836 	 6 	 0.017585 	 0.009815 
837 	 5 	 0.016079 	 0.009991 
838 	 5 	 0.014742 	 0.009159 
839 	 5 	 0.013516 	 0.008398 
840 	 5 	 0.012393 	 0.007700 
841 	 4 	 0.011331 	 0.008173 
842 	 4 	 0.010392 	 0.007496 
843 	 4 	 0.009533 	 0.006877 
844 	 4 	 0.008746 	 0.006309 
845 	 4 	 0.008026 	 0.005790 
846 	 4 	 0.007367 	 0.005314 
847 	 4 	 0.006764 	 0.004879 
848 	 4 	 0.006212 	 0.004481 
849 	 4 	 0.005707 	 0.004117 
850 	 4 	 0.005244 	 0.003783 
851 	 4 	 0.004821 	 0.003478 
852 	 4 	 0.004434 	 0.003199 
853 	 4 	 0.004080 	 0.002943 
854 	 4 	 0.003756 	 0.002709 
855 	 4 	 0.003459 	 0.002495 
856 	 4 	 0.003187 	 0.002299 
857 	 4 	 0.002938 	 0.002120 
858 	 4 	 0.002710 	 0.001955 
859 	 4 	 0.002502 	 0.001805 
860 	 4 	 0.002311 	 0.001667 
861 	 4 	 0.002135 	 0.001540 
862 	 4 	 0.001975 	 0.001425 
863 	 4 	 0.001828 	 0.001318 
864 	 4 	 0.001693 	 0.001221 
865 	 4 	 0.001569 	 0.001132 
866 	 4 	 0.001455 	 0.001050 
867 	 4 	 0.001351 	 0.000974 
868 	 4 	 0.001255 	 0.000905 
869 	 4 	 0.001167 	 0.000842 
870 	 4 	 0.001086 	 0.000783 
871 	 4 	 0.001012 	 0.000730 
872 	 3 	 0.000932 	 0.000848 
873 	 3 	 0.000870 	 0.000792 
874 	 3 	 0.000812 	 0.000739 
875 	 3 	 0.000759 	 0.000691 
876 	 3 	 0.000710 	 0.000646 
877 	 3 	 0.000664 	 0.000605 
878 	 3 	 0.000623 	 0.000567 
879 	 3 	 0.000584 	 0.000532 
880 	 3 	 0.000548 	 0.000499 
881 	 3 	 0.000515 	 0.000469 
882 	 3 	 0.000485 	 0.000441 
883 	 3 	 0.000456 	 0.000415 
884 	 3 	 0.000430 	 0.000391 
885 	 4 	 0.000418 	 0.000302 
886 	 4 	 0.000399 	 0.000288 
887 	 4 	 0.000381 	 0.000275 
888 	 4 	 0.000366 	 0.000264 
889 	 4 	 0.000352 	 0.000254 
890 	 4 	 0.000341 	 0.000246 
891 	 4 	 0.000333 	 0.000240 
892 	 4 	 0.000327 	 0.000236 
893 	 4 	 0.000324 	 0.000234 
894 	 4 	 0.000324 	 0.000234 
895 	 4 	 0.000327 	 0.000236 
896 	 4 	 0.000335 	 0.000242 
897 	 4 	 0.000347 	 0.000250 
898 	 4 	 0.000365 	 0.000263 
899 	 4 	 0.000388 	 0.000280 
900 	 4 	 0.000419 	 0.000303 
901 	 4 	 0.000459 	 0.000331 
902 	 4 	 0.000509 	 0.000367 
903 	 4 	 0.000572 	 0.000413 
904 	 4 	 0.000649 	 0.000468 
905 	 4 	 0.000744 	 0.000537 
906 	 4 	 0.000860 	 0.000620 
907 	 4 	 0.001001 	 0.000722 
908 	 4 	 0.001172 	 0.000845 
909 	 4 	 0.001379 	 0.000995 
910 	 4 	 0.001629 	 0.001175 
911 	 4 	 0.001931 	 0.001393 
912 	 4 	 0.002294 	 0.001655 
913 	 4 	 0.002732 	 0.001970 
914 	 4 	 0.003306 	 0.002385 
915 	 4 	 0.003946 	 0.002847 
916 	 4 	 0.004714 	 0.003401 
917 	 4 	 0.005634 	 0.004064 
918 	 3 	 0.006712 	 0.006109 
919 	 3 	 0.008028 	 0.007307 
920 	 3 	 0.009600 	 0.008738 
921 	 3 	 0.011476 	 0.010445 
922 	 3 	 0.013710 	 0.012480 
923 	 3 	 0.016370 	 0.014901 
924 	 3 	 0.019532 	 0.017779 
925 	 3 	 0.023285 	 0.021195 
926 	 3 	 0.027732 	 0.025242 
927 	 3 	 0.032992 	 0.030031 
928 	 3 	 0.039204 	 0.035685 
929 	 3 	 0.046522 	 0.042346 
930 	 2 	 0.055086 	 0.079472 
931 	 2 	 0.065171 	 0.094022 
932 	 2 	 0.076957 	 0.111025 
933 	 2 	 0.090682 	 0.130826 
934 	 2 	 0.106602 	 0.153795 
935 	 2 	 0.124984 	 0.180314 
936 	 2 	 0.146096 	 0.210773 
937 	 2 	 0.170196 	 0.245540 
938 	 2 	 0.197507 	 0.284943 
939 	 2 	 0.228202 	 0.329226 
940 	 2 	 0.262358 	 0.378502 
941 	 2 	 0.299924 	 0.432699 
942 	 2 	 0.340673 	 0.491487 
943 	 2 	 0.384153 	 0.554215 
944 	 2 	 0.429636 	 0.619833 
945 	 2 	 0.476091 	 0.686855 
946 	 2 	 0.522175 	 0.753340 
947 	 2 	 0.566254 	 0.816932 
948 	 2 	 0.606483 	 0.874971 
949 	 2 	 0.640937 	 0.924676 
950 	 2 	 0.667780 	 0.963403 
951 	 2 	 0.685468 	 0.988921 
952 	 2 	 0.692932 	 0.999690 
953 	 2 	 0.689727 	 0.995066 
954 	 2 	 0.676085 	 0.975384 
955 	 2 	 0.652888 	 0.941918 
956 	 2 	 0.621545 	 0.896699 
957 	 2 	 0.583814 	 0.842265 
958 	 2 	 0.541605 	 0.781371 
959 	 2 	 0.496794 	 0.716723 
960 	 2 	 0.451082 	 0.650774 
961 	 2 	 0.405901 	 0.585591 
962 	 2 	 0.362374 	 0.522794 
963 	 2 	 0.321315 	 0.463559 
964 	 2 	 0.283256 	 0.408652 
965 	 2 	 0.248491 	 0.358497 
966 	 2 	 0.217120 	 0.313238 
967 	 2 	 0.189104 	 0.272819 
968 	 2 	 0.164300 	 0.237035 
969 	 2 	 0.142500 	 0.205584 
970 	 2 	 0.123460 	 0.178115 
971 	 2 	 0.106915 	 0.154246 
972 	 2 	 0.092603 	 0.133598 
973 	 2 	 0.080266 	 0.115799 
974 	 2 	 0.069664 	 0.100504 
975 	 2 	 0.062908 	 0.090757 
976 	 2 	 0.054792 	 0.079048 
977 	 2 	 0.047854 	 0.069038 
978 	 2 	 0.041929 	 0.060491 
979 	 3 	 0.034744 	 0.031626 
980 	 3 	 0.030740 	 0.027981 
981 	 3 	 0.027320 	 0.024868 
982 	 4 	 0.025794 	 0.018606 
983 	 5 	 0.022149 	 0.013762 
984 	 5 	 0.019965 	 0.012405 
985 	 5 	 0.018087 	 0.011238 
986 	 5 	 0.016468 	 0.010232 
987 	 5 	 0.015270 	 0.009488 
988 	 5 	 0.014028 	 0.008716 
989 	 5 	 0.012946 	 0.008044 
990 	 5 	 0.012000 	 0.007456 
991 	 5 	 0.011208 	 0.006964 
992 	 6 	 0.010202 	 0.005694 
993 	 6 	 0.009579 	 0.005346 
994 	 6 	 0.009024 	 0.005036 
995 	 6 	 0.008526 	 0.004759 
996 	 7 	 0.008161 	 0.004194 
997 	 6 	 0.007746 	 0.004323 
998 	 6 	 0.007372 	 0.004114 
999 	 5 	 0.006907 	 0.004291 
1000 	 5 	 0.006894 	 0.004284 
1001 	 5 	 0.006393 	 0.003972 
1002 	 5 	 0.006132 	 0.003810 
1003 	 5 	 0.005890 	 0.003660 
1004 	 5 	 0.005665 	 0.003520 
1005 	 5 	 0.005456 	 0.003390 
1006 	 5 	 0.005260 	 0.003268 
1007 	 5 	 0.005077 	 0.003155 
1008 	 5 	 0.004906 	 0.003048 
1009 	 5 	 0.004744 	 0.002948 
1010 	 5 	 0.004592 	 0.002853 
1011 	 5 	 0.004449 	 0.002764 
1012 	 5 	 0.004313 	 0.002680 
1013 	 5 	 0.004186 	 0.002601 
1014 	 5 	 0.004065 	 0.002526 
1015 	 5 	 0.003952 	 0.002455 
1016 	 5 	 0.003844 	 0.002389 
1017 	 5 	 0.003743 	 0.002326 
1018 	 5 	 0.003649 	 0.002267 
1019 	 5 	 0.003560 	 0.002212 
1020 	 5 	 0.003477 	 0.002160 
1021 	 4 	 0.003383 	 0.002440 
1022 	 4 	 0.003312 	 0.002389 
1023 	 4 	 0.003247 	 0.002342 
1024 	 4 	 0.003189 	 0.002301 
1025 	 4 	 0.003139 	 0.002264 
1026 	 4 	 0.003095 	 0.002233 
1027 	 4 	 0.003060 	 0.002207 
1028 	 4 	 0.003033 	 0.002188 
1029 	 4 	 0.003015 	 0.002175 
1030 	 4 	 0.003008 	 0.002170 
1031 	 4 	 0.003013 	 0.002173 
1032 	 4 	 0.003029 	 0.002185 
1033 	 4 	 0.003060 	 0.002208 
1034 	 4 	 0.003107 	 0.002241 
1035 	 4 	 0.003171 	 0.002287 
1036 	 4 	 0.003255 	 0.002348 
1037 	 4 	 0.003361 	 0.002424 
1038 	 4 	 0.003492 	 0.002519 
1039 	 4 	 0.003652 	 0.002634 
1040 	 4 	 0.003844 	 0.002773 
1041 	 4 	 0.004073 	 0.002938 
1042 	 4 	 0.004343 	 0.003133 
1043 	 4 	 0.004661 	 0.003362 
1044 	 4 	 0.005032 	 0.003630 
1045 	 4 	 0.005464 	 0.003941 
1046 	 4 	 0.005965 	 0.004303 
1047 	 4 	 0.006545 	 0.004721 
1048 	 4 	 0.007214 	 0.005204 
1049 	 4 	 0.007985 	 0.005760 
1050 	 4 	 0.008872 	 0.006400 
1051 	 4 	 0.009889 	 0.007134 
1052 	 4 	 0.011055 	 0.007975 
1053 	 4 	 0.012390 	 0.008938 
1054 	 4 	 0.013916 	 0.010038 
1055 	 4 	 0.015659 	 0.011295 
1056 	 4 	 0.017646 	 0.012729 
1057 	 4 	 0.019911 	 0.014363 
1058 	 4 	 0.022488 	 0.016221 
1059 	 4 	 0.025418 	 0.018335 
1060 	 4 	 0.028745 	 0.020735 
1061 	 4 	 0.032519 	 0.023458 
1062 	 4 	 0.036795 	 0.026542 
1063 	 4 	 0.041633 	 0.030032 
1064 	 4 	 0.047101 	 0.033976 
1065 	 4 	 0.053271 	 0.038427 
1066 	 4 	 0.060224 	 0.043442 
1067 	 4 	 0.068044 	 0.049084 
1068 	 4 	 0.076826 	 0.055418 
1069 	 3 	 0.085842 	 0.078137 
1070 	 3 	 0.096873 	 0.088177 
1071 	 3 	 0.109176 	 0.099376 
1072 	 3 	 0.122861 	 0.111833 
1073 	 3 	 0.138042 	 0.125651 
1074 	 3 	 0.154826 	 0.140929 
1075 	 3 	 0.173315 	 0.157758 
1076 	 3 	 0.193600 	 0.176222 
1077 	 3 	 0.215753 	 0.196387 
1078 	 3 	 0.239821 	 0.218295 
1079 	 2 	 0.263906 	 0.380736 
1080 	 2 	 0.291700 	 0.420835 
1081 	 2 	 0.321304 	 0.463544 
1082 	 2 	 0.352566 	 0.508645 
1083 	 2 	 0.385256 	 0.555806 
1084 	 2 	 0.419056 	 0.604570 
1085 	 2 	 0.453555 	 0.654341 
1086 	 2 	 0.488241 	 0.704383 
1087 	 2 	 0.522508 	 0.753820 
1088 	 2 	 0.555663 	 0.801652 
1089 	 2 	 0.586947 	 0.846785 
1090 	 2 	 0.615560 	 0.888065 
1091 	 2 	 0.640700 	 0.924334 
1092 	 2 	 0.661606 	 0.954496 
1093 	 2 	 0.677605 	 0.977578 
1094 	 2 	 0.688157 	 0.992800 
1095 	 2 	 0.692891 	 0.999631 
1096 	 2 	 0.691641 	 0.997827 
1097 	 2 	 0.684451 	 0.987454 
1098 	 2 	 0.671575 	 0.968878 
1099 	 2 	 0.653458 	 0.942741 
1100 	 2 	 0.630702 	 0.909911 
1101 	 2 	 0.604023 	 0.871421 
1102 	 2 	 0.574203 	 0.828400 
1103 	 2 	 0.542050 	 0.782012 
1104 	 2 	 0.508347 	 0.733390 
1105 	 2 	 0.473832 	 0.683595 
1106 	 2 	 0.439163 	 0.633578 
1107 	 2 	 0.404905 	 0.584154 
1108 	 2 	 0.371528 	 0.536002 
1109 	 2 	 0.339407 	 0.489660 
1110 	 2 	 0.308818 	 0.445530 
1111 	 2 	 0.279957 	 0.403893 
1112 	 2 	 0.252951 	 0.364931 
1113 	 2 	 0.227856 	 0.328727 
1114 	 2 	 0.204687 	 0.295301 
1115 	 2 	 0.183413 	 0.264609 
1116 	 2 	 0.163977 	 0.236569 
1117 	 2 	 0.146296 	 0.211061 
1118 	 2 	 0.130276 	 0.187948 
1119 	 2 	 0.115809 	 0.167077 
1120 	 2 	 0.102786 	 0.148289 
1121 	 2 	 0.091096 	 0.131424 
1122 	 2 	 0.080629 	 0.116322 
1123 	 2 	 0.071277 	 0.102831 
1124 	 2 	 0.062939 	 0.090802 
1125 	 2 	 0.055519 	 0.080096 
1126 	 2 	 0.048926 	 0.070585 
1127 	 2 	 0.043078 	 0.062148 
1128 	 2 	 0.037897 	 0.054674 
1129 	 2 	 0.033314 	 0.048061 
1130 	 2 	 0.029263 	 0.042218 
1131 	 2 	 0.025688 	 0.037060 
1132 	 2 	 0.022535 	 0.032512 
1133 	 2 	 0.019758 	 0.028505 
1134 	 2 	 0.017313 	 0.024977 
1135 	 2 	 0.015163 	 0.021875 
1136 	 2 	 0.013273 	 0.019148 
1137 	 2 	 0.011613 	 0.016754 
1138 	 2 	 0.010156 	 0.014652 
1139 	 2 	 0.008878 	 0.012809 
1140 	 2 	 0.007758 	 0.011193 
1141 	 2 	 0.006777 	 0.009777 
1142 	 2 	 0.005917 	 0.008537 
1143 	 2 	 0.005165 	 0.007452 
1144 	 2 	 0.004507 	 0.006502 
1145 	 2 	 0.003932 	 0.005672 
1146 	 2 	 0.003429 	 0.004946 
1147 	 2 	 0.002989 	 0.004312 
1148 	 2 	 0.002605 	 0.003759 
1149 	 2 	 0.002270 	 0.003275 
1150 	 2 	 0.001978 	 0.002853 
1151 	 2 	 0.001722 	 0.002485 
1152 	 2 	 0.001500 	 0.002164 
1153 	 2 	 0.001306 	 0.001884 
1154 	 2 	 0.001137 	 0.001640 
1155 	 2 	 0.000989 	 0.001427 
1156 	 2 	 0.000861 	 0.001242 
1157 	 2 	 0.000749 	 0.001080 
1158 	 2 	 0.000651 	 0.000940 
1159 	 2 	 0.000566 	 0.000817 
1160 	 2 	 0.000493 	 0.000711 
1161 	 2 	 0.000428 	 0.000618 
1162 	 2 	 0.000372 	 0.000537 
1163 	 2 	 0.000324 	 0.000467 
1164 	 2 	 0.000281 	 0.000406 
1165 	 2 	 0.000245 	 0.000353 
1166 	 2 	 0.000213 	 0.000307 
1167 	 2 	 0.000185 	 0.000267 
1168 	 2 	 0.000161 	 0.000232 
1169 	 2 	 0.000140 	 0.000201 
1170 	 2 	 0.000121 	 0.000175 
1171 	 2 	 0.000105 	 0.000152 
1172 	 1 	 0.000000 	 nan 
1173 	 1 	 0.000000 	 nan 
1174 	 1 	 0.000000 	 nan 
1175 	 1 	 0.000000 	 nan 
1176 	 1 	 0.000000 	 nan 
1177 	 1 	 0.000000 	 nan 
1178 	 1 	 0.000000 	 nan 
1179 	 1 	 0.000000 	 nan 
1180 	 1 	 0.000000 	 nan 
1181 	 1 	 0.000000 	 nan 
1182 	 1 	 0.000000 	 nan 
1183 	 1 	 0.000000 	 nan 
1184 	 1 	 0.000000 	 nan 
1185 	 1 	 0.000000 	 nan 
1186 	 1 	 0.000000 	 nan 
1187 	 1 	 0.000000 	 nan 
1188 	 1 	 0.000000 	 nan 
1189 	 1 	 0.000000 	 nan 
1190 	 1 	 0.000000 	 nan 
1191 	 1 	 0.000000 	 nan 
1192 	 1 	 0.000000 	 nan 
1193 	 1 	 0.000000 	 nan 
1194 	 1 	 0.000000 	 nan 
1195 	 1 	 0.000000 	 nan 
1196 	 1 	 0.000000 	 nan 
1197 	 1 	 0.000000 	 nan 
1198 	 1 	 0.000000 	 nan 
1199 	 1 	 0.000000 	 nan 
1200 	 1 	 0.000000 	 nan 
1201 	 1 	 0.000000 	 nan 
1202 	 1 	 0.000000 	 nan 
1203 	 1 	 0.000000 	 nan 
1204 	 1 	 0.000000 	 nan 
1205 	 1 	 0.000000 	 nan 
1206 	 1 	 0.000000 	 nan 
1207 	 1 	 0.000000 	 nan 
1208 	 1 	 0.000000 	 nan 
1209 	 1 	 0.000000 	 nan 
1210 	 1 	 0.000000 	 nan 
1211 	 1 	 0.000000 	 nan 
1212 	 1 	 0.000000 	 nan 
1213 	 1 	 0.000000 	 nan 
1214 	 1 	 0.000000 	 nan 
1215 	 1 	 0.000000 	 nan 
1216 	 1 	 0.000000 	 nan 
1217 	 1 	 0.000000 	 nan 
1218 	 1 	 0.000000 	 nan 
1219 	 1 	 0.000000 	 nan 
1220 	 1 	 0.000000 	 nan 
1221 	 1 	 0.000000 	 nan 
1222 	 1 	 0.000000 	 nan 
1223 	 1 	 0.000000 	 nan 
1224 	 1 	 0.000000 	 nan 
1225 	 1 	 0.000000 	 nan 
1226 	 1 	 0.000000 	 nan 
1227 	 1 	 0.000000 	 nan 
1228 	 1 	 0.000000 	 nan 
1229 	 2 	 0.000012 	 0.000018 
1230 	 2 	 0.000013 	 0.000019 
1231 	 2 	 0.000015 	 0.000021 
1232 	 2 	 0.000016 	 0.000024 
1233 	 2 	 0.000018 	 0.000026 
1234 	 2 	 0.000020 	 0.000029 
1235 	 2 	 0.000022 	 0.000032 
1236 	 2 	 0.000024 	 0.000035 
1237 	 2 	 0.000027 	 0.000039 
1238 	 2 	 0.000030 	 0.000043 
1239 	 2 	 0.000033 	 0.000047 
1240 	 2 	 0.000036 	 0.000052 
1241 	 2 	 0.000040 	 0.000057 
1242 	 2 	 0.000044 	 0.000063 
1243 	 2 	 0.000049 	 0.000070 
1244 	 2 	 0.000054 	 0.000077 
1245 	 2 	 0.000059 	 0.000085 
1246 	 2 	 0.000065 	 0.000094 
1247 	 2 	 0.000072 	 0.000104 
1248 	 2 	 0.000080 	 0.000115 
1249 	 2 	 0.000088 	 0.000127 
1250 	 2 	 0.000097 	 0.000141 
1251 	 2 	 0.000108 	 0.000155 
1252 	 3 	 0.000146 	 0.000133 
1253 	 3 	 0.000160 	 0.000145 
1254 	 3 	 0.000175 	 0.000159 
1255 	 2 	 0.000175 	 0.000253 
1256 	 2 	 0.000194 	 0.000279 
1257 	 2 	 0.000214 	 0.000308 
1258 	 2 	 0.000236 	 0.000341 
1259 	 3 	 0.000281 	 0.000256 
1260 	 3 	 0.000308 	 0.000281 
1261 	 3 	 0.000338 	 0.000308 
1262 	 2 	 0.000351 	 0.000507 
1263 	 2 	 0.000388 	 0.000559 
1264 	 2 	 0.000428 	 0.000618 
1265 	 2 	 0.000473 	 0.000682 
1266 	 2 	 0.000522 	 0.000753 
1267 	 2 	 0.000576 	 0.000832 
1268 	 2 	 0.000636 	 0.000918 
1269 	 2 	 0.000703 	 0.001014 
1270 	 2 	 0.000776 	 0.001119 
1271 	 2 	 0.000856 	 0.001235 
1272 	 2 	 0.000945 	 0.001363 
1273 	 2 	 0.001043 	 0.001505 
1274 	 2 	 0.001151 	 0.001660 
1275 	 2 	 0.001270 	 0.001832 
1276 	 2 	 0.001401 	 0.002022 
1277 	 2 	 0.001546 	 0.002230 
1278 	 2 	 0.001705 	 0.002460 
1279 	 2 	 0.001881 	 0.002714 
1280 	 2 	 0.002075 	 0.002993 
1281 	 2 	 0.002288 	 0.003301 
1282 	 2 	 0.002523 	 0.003639 
1283 	 2 	 0.002781 	 0.004012 
1284 	 2 	 0.003066 	 0.004423 
1285 	 2 	 0.003379 	 0.004875 
1286 	 2 	 0.003724 	 0.005373 
1287 	 2 	 0.004104 	 0.005920 
1288 	 2 	 0.004521 	 0.006522 
1289 	 2 	 0.004980 	 0.007185 
1290 	 2 	 0.005485 	 0.007913 
1291 	 2 	 0.006040 	 0.008714 
1292 	 2 	 0.006650 	 0.009594 
1293 	 2 	 0.007320 	 0.010561 
1294 	 2 	 0.008057 	 0.011623 
1295 	 2 	 0.008865 	 0.012790 
1296 	 2 	 0.009753 	 0.014071 
1297 	 2 	 0.010728 	 0.015477 
1298 	 2 	 0.011797 	 0.017020 
1299 	 2 	 0.012971 	 0.018713 
1300 	 2 	 0.014257 	 0.020568 
1301 	 2 	 0.015667 	 0.022603 
1302 	 2 	 0.017212 	 0.024832 
1303 	 2 	 0.018905 	 0.027274 
1304 	 2 	 0.020758 	 0.029948 
1305 	 2 	 0.022786 	 0.032874 
1306 	 2 	 0.025006 	 0.036075 
1307 	 2 	 0.027432 	 0.039576 
1308 	 2 	 0.030084 	 0.043402 
1309 	 2 	 0.032981 	 0.047582 
1310 	 2 	 0.036144 	 0.052145 
1311 	 2 	 0.039595 	 0.057123 
1312 	 2 	 0.043358 	 0.062553 
1313 	 2 	 0.047459 	 0.068469 
1314 	 2 	 0.051925 	 0.074912 
1315 	 2 	 0.056785 	 0.081924 
1316 	 2 	 0.062069 	 0.089547 
1317 	 2 	 0.067810 	 0.097829 
1318 	 2 	 0.074041 	 0.106818 
1319 	 2 	 0.080797 	 0.116565 
1320 	 2 	 0.088116 	 0.127124 
1321 	 2 	 0.096035 	 0.138549 
1322 	 2 	 0.104592 	 0.150895 
1323 	 2 	 0.113829 	 0.164220 
1324 	 2 	 0.123784 	 0.178583 
1325 	 2 	 0.134498 	 0.194039 
1326 	 2 	 0.146008 	 0.210645 
1327 	 2 	 0.158353 	 0.228455 
1328 	 3 	 0.166253 	 0.151330 
1329 	 3 	 0.180080 	 0.163916 
1330 	 3 	 0.194848 	 0.177358 
1331 	 3 	 0.210589 	 0.191687 
1332 	 3 	 0.227329 	 0.206924 
1333 	 3 	 0.245085 	 0.223086 
1334 	 3 	 0.263869 	 0.240184 
1335 	 3 	 0.283684 	 0.258220 
1336 	 3 	 0.304519 	 0.277186 
1337 	 3 	 0.326358 	 0.297063 
1338 	 3 	 0.349163 	 0.317822 
1339 	 3 	 0.372889 	 0.339418 
1340 	 3 	 0.397471 	 0.361794 
1341 	 3 	 0.422829 	 0.384875 
1342 	 3 	 0.448867 	 0.408576 
1343 	 3 	 0.475472 	 0.432794 
1344 	 3 	 0.502519 	 0.457412 
1345 	 3 	 0.529865 	 0.482304 
1346 	 3 	 0.557361 	 0.507332 
1347 	 3 	 0.584849 	 0.532353 
1348 	 3 	 0.612173 	 0.557223 
1349 	 3 	 0.639170 	 0.581798 
1350 	 3 	 0.665697 	 0.605944 
1351 	 3 	 0.691619 	 0.629538 
1352 	 3 	 0.716820 	 0.652478 
1353 	 3 	 0.741209 	 0.674677 
1354 	 3 	 0.764721 	 0.696079 
1355 	 3 	 0.787319 	 0.716649 
1356 	 3 	 0.808990 	 0.736375 
1357 	 3 	 0.829740 	 0.755262 
1358 	 3 	 0.849582 	 0.773322 
1359 	 3 	 0.868526 	 0.790566 
1360 	 3 	 0.886562 	 0.806984 
1361 	 3 	 0.903635 	 0.822524 
1362 	 3 	 0.919635 	 0.837088 
1363 	 3 	 0.934361 	 0.850492 
1364 	 3 	 0.947531 	 0.862480 
1365 	 3 	 0.958748 	 0.872690 
1366 	 3 	 0.967527 	 0.880681 
1367 	 3 	 0.973297 	 0.885933 
1368 	 3 	 0.975445 	 0.887888 
1369 	 3 	 0.973352 	 0.885983 
1370 	 3 	 0.966457 	 0.879707 
1371 	 3 	 0.954309 	 0.868650 
1372 	 3 	 0.936630 	 0.852558 
1373 	 3 	 0.913351 	 0.831368 
1374 	 3 	 0.884639 	 0.805233 
1375 	 3 	 0.850892 	 0.774515 
1376 	 3 	 0.812718 	 0.739768 
1377 	 3 	 0.770889 	 0.701693 
1378 	 4 	 0.746414 	 0.538424 
1379 	 4 	 0.700673 	 0.505429 
1380 	 4 	 0.653602 	 0.471474 
1381 	 4 	 0.606092 	 0.437203 
1382 	 4 	 0.558956 	 0.403201 
1383 	 4 	 0.512890 	 0.369972 
1384 	 4 	 0.468477 	 0.337934 
1385 	 4 	 0.426166 	 0.307414 
1386 	 4 	 0.386285 	 0.278646 
1387 	 4 	 0.349052 	 0.251788 
1388 	 4 	 0.314585 	 0.226925 
1389 	 4 	 0.282925 	 0.204088 
1390 	 4 	 0.254048 	 0.183257 
1391 	 4 	 0.227879 	 0.164380 
1392 	 4 	 0.204310 	 0.147379 
1393 	 4 	 0.183204 	 0.132154 
1394 	 4 	 0.164414 	 0.118600 
1395 	 4 	 0.147782 	 0.106602 
1396 	 4 	 0.133241 	 0.096113 
1397 	 4 	 0.120439 	 0.086878 
1398 	 4 	 0.109329 	 0.078865 
1399 	 4 	 0.099769 	 0.071968 
1400 	 4 	 0.086102 	 0.062110 
1401 	 4 	 0.080192 	 0.057846 
1402 	 5 	 0.078558 	 0.048811 
1403 	 5 	 0.071528 	 0.044443 
1404 	 5 	 0.068488 	 0.042554 
1405 	 6 	 0.067884 	 0.037887 
1406 	 6 	 0.066114 	 0.036899 
1407 	 7 	 0.065180 	 0.033496 
1408 	 8 	 0.064978 	 0.031248 
1409 	 8 	 0.065757 	 0.031622 
1410 	 8 	 0.067159 	 0.032296 
1411 	 8 	 0.069165 	 0.033261 
1412 	 9 	 0.071532 	 0.032555 
1413 	 9 	 0.072417 	 0.032958 
1414 	 9 	 0.075733 	 0.034468 
1415 	 8 	 0.080402 	 0.038665 
1416 	 7 	 0.088337 	 0.045396 
1417 	 6 	 0.093977 	 0.052450 
1418 	 6 	 0.100270 	 0.055962 
1419 	 7 	 0.104533 	 0.053719 
1420 	 7 	 0.111936 	 0.057524 
1421 	 6 	 0.120062 	 0.067008 
1422 	 6 	 0.132295 	 0.073836 
1423 	 6 	 0.142254 	 0.079393 
1424 	 6 	 0.153044 	 0.085416 
1425 	 6 	 0.162297 	 0.090580 
1426 	 6 	 0.174665 	 0.097482 
1427 	 6 	 0.193281 	 0.107872 
1428 	 6 	 0.207875 	 0.116017 
1429 	 6 	 0.223435 	 0.124702 
1430 	 6 	 0.239972 	 0.133931 
1431 	 6 	 0.257487 	 0.143706 
1432 	 6 	 0.275970 	 0.154022 
1433 	 6 	 0.295397 	 0.164864 
1434 	 6 	 0.315735 	 0.176215 
1435 	 6 	 0.336930 	 0.188044 
1436 	 6 	 0.358911 	 0.200312 
1437 	 6 	 0.381590 	 0.212969 
1438 	 6 	 0.404852 	 0.225952 
1439 	 6 	 0.428565 	 0.239187 
1440 	 6 	 0.452576 	 0.252588 
1441 	 6 	 0.476704 	 0.266054 
1442 	 6 	 0.500749 	 0.279473 
1443 	 6 	 0.524492 	 0.292725 
1444 	 6 	 0.547695 	 0.305674 
1445 	 6 	 0.570108 	 0.318183 
1446 	 6 	 0.591470 	 0.330106 
1447 	 6 	 0.611520 	 0.341296 
1448 	 6 	 0.629995 	 0.351607 
1449 	 6 	 0.646649 	 0.360902 
1450 	 6 	 0.661248 	 0.369049 
1451 	 6 	 0.673584 	 0.375934 
1452 	 6 	 0.683482 	 0.381458 
1453 	 6 	 0.690804 	 0.385545 
1454 	 6 	 0.695456 	 0.388141 
1455 	 6 	 0.697386 	 0.389219 
1456 	 6 	 0.696595 	 0.388777 
1457 	 6 	 0.693128 	 0.386842 
1458 	 5 	 0.687043 	 0.426884 
1459 	 5 	 0.678552 	 0.421608 
1460 	 5 	 0.667788 	 0.414920 
1461 	 5 	 0.654960 	 0.406950 
1462 	 5 	 0.640302 	 0.397842 
1463 	 5 	 0.624064 	 0.387753 
1464 	 5 	 0.606511 	 0.376847 
1465 	 5 	 0.587915 	 0.365292 
1466 	 5 	 0.568545 	 0.353257 
1467 	 4 	 0.548613 	 0.395740 
1468 	 4 	 0.528482 	 0.381219 
1469 	 4 	 0.508337 	 0.366687 
1470 	 4 	 0.488404 	 0.352309 
1471 	 4 	 0.468889 	 0.338232 
1472 	 4 	 0.449985 	 0.324595 
1473 	 4 	 0.431862 	 0.311523 
1474 	 4 	 0.414675 	 0.299125 
1475 	 4 	 0.398561 	 0.287501 
1476 	 4 	 0.383639 	 0.276737 
1477 	 4 	 0.370018 	 0.266912 
1478 	 4 	 0.357791 	 0.258091 
1479 	 4 	 0.347042 	 0.250338 
1480 	 4 	 0.337844 	 0.243703 
1481 	 4 	 0.330261 	 0.238233 
1482 	 4 	 0.324349 	 0.233968 
1483 	 4 	 0.320161 	 0.230947 
1484 	 4 	 0.317739 	 0.229200 
1485 	 4 	 0.317123 	 0.228756 
1486 	 4 	 0.318344 	 0.229637 
1487 	 4 	 0.321431 	 0.231863 
1488 	 4 	 0.326400 	 0.235448 
1489 	 4 	 0.333263 	 0.240398 
1490 	 4 	 0.342016 	 0.246713 
1491 	 4 	 0.352648 	 0.254382 
1492 	 4 	 0.365126 	 0.263383 
1493 	 4 	 0.379402 	 0.273681 
1494 	 4 	 0.395403 	 0.285223 
1495 	 4 	 0.413029 	 0.297938 
1496 	 4 	 0.432153 	 0.311732 
1497 	 4 	 0.452609 	 0.326488 
1498 	 4 	 0.474197 	 0.342061 
1499 	 4 	 0.496674 	 0.358275 
1500 	 4 	 0.519762 	 0.374929 
1501 	 4 	 0.543134 	 0.391788 
1502 	 4 	 0.566429 	 0.408592 
1503 	 4 	 0.589252 	 0.425056 
1504 	 4 	 0.611177 	 0.440871 
1505 	 4 	 0.631768 	 0.455724 
1506 	 4 	 0.650578 	 0.469293 
1507 	 4 	 0.667176 	 0.481266 
1508 	 4 	 0.681152 	 0.491348 
1509 	 4 	 0.692147 	 0.499278 
1510 	 4 	 0.699853 	 0.504837 
1511 	 4 	 0.704043 	 0.507860 
1512 	 4 	 0.704572 	 0.508242 
1513 	 4 	 0.701388 	 0.505945 
1514 	 4 	 0.694534 	 0.501001 
1515 	 4 	 0.684144 	 0.493506 
1516 	 4 	 0.672817 	 0.485335 
1517 	 4 	 0.656542 	 0.473595 
1518 	 4 	 0.637535 	 0.459884 
1519 	 4 	 0.616181 	 0.444480 
1520 	 4 	 0.592895 	 0.427683 
1521 	 4 	 0.568100 	 0.409798 
1522 	 4 	 0.542222 	 0.391130 
1523 	 4 	 0.515657 	 0.371968 
1524 	 4 	 0.488784 	 0.352583 
1525 	 4 	 0.461938 	 0.333218 
1526 	 4 	 0.435422 	 0.314090 
1527 	 4 	 0.409489 	 0.295384 
1528 	 4 	 0.384349 	 0.277249 
1529 	 4 	 0.360176 	 0.259812 
1530 	 4 	 0.337096 	 0.243163 
1531 	 4 	 0.315204 	 0.227371 
1532 	 4 	 0.294566 	 0.212484 
1533 	 4 	 0.275215 	 0.198526 
1534 	 4 	 0.271065 	 0.195532 
1535 	 4 	 0.253302 	 0.182718 
1536 	 4 	 0.236823 	 0.170832 
1537 	 4 	 0.221603 	 0.159853 
1538 	 4 	 0.207604 	 0.149755 
1539 	 4 	 0.194780 	 0.140504 
1540 	 4 	 0.183077 	 0.132062 
1541 	 4 	 0.172440 	 0.124389 
1542 	 4 	 0.162808 	 0.117441 
1543 	 4 	 0.154125 	 0.111178 
1544 	 4 	 0.146330 	 0.105555 
1545 	 4 	 0.139366 	 0.100532 
1546 	 4 	 0.133180 	 0.096069 
1547 	 4 	 0.125603 	 0.090604 
1548 	 4 	 0.121090 	 0.087348 
1549 	 4 	 0.117187 	 0.084533 
1550 	 4 	 0.113855 	 0.082129 
1551 	 5 	 0.111415 	 0.069226 
1552 	 5 	 0.109049 	 0.067756 
1553 	 5 	 0.107156 	 0.066580 
1554 	 5 	 0.105709 	 0.065681 
1555 	 5 	 0.104682 	 0.065042 
1556 	 5 	 0.104054 	 0.064652 
1557 	 5 	 0.103806 	 0.064498 
1558 	 5 	 0.103922 	 0.064570 
1559 	 5 	 0.104388 	 0.064860 
1560 	 5 	 0.105193 	 0.065360 
1561 	 5 	 0.106327 	 0.066064 
1562 	 5 	 0.107782 	 0.066969 
1563 	 5 	 0.110011 	 0.068353 
1564 	 4 	 0.112161 	 0.080907 
1565 	 4 	 0.114624 	 0.082683 
1566 	 4 	 0.117394 	 0.084682 
1567 	 3 	 0.120466 	 0.109653 
1568 	 3 	 0.123853 	 0.112736 
1569 	 3 	 0.127550 	 0.116101 
1570 	 3 	 0.131561 	 0.119752 
1571 	 3 	 0.135888 	 0.123691 
1572 	 4 	 0.141381 	 0.101985 
1573 	 4 	 0.146417 	 0.105618 
1574 	 4 	 0.151789 	 0.109492 
1575 	 4 	 0.157501 	 0.113613 
1576 	 4 	 0.163562 	 0.117985 
1577 	 4 	 0.169978 	 0.122613 
1578 	 4 	 0.176759 	 0.127505 
1579 	 4 	 0.183915 	 0.132667 
1580 	 4 	 0.191455 	 0.138106 
1581 	 4 	 0.199395 	 0.143833 
1582 	 4 	 0.207750 	 0.149860 
1583 	 4 	 0.216540 	 0.156201 
1584 	 4 	 0.225790 	 0.162873 
1585 	 4 	 0.235539 	 0.169905 
1586 	 4 	 0.245830 	 0.177329 
1587 	 4 	 0.256729 	 0.185191 
1588 	 4 	 0.268326 	 0.193556 
1589 	 4 	 0.280741 	 0.202512 
1590 	 4 	 0.294142 	 0.212178 
1591 	 4 	 0.308758 	 0.222722 
1592 	 4 	 0.324900 	 0.234366 
1593 	 4 	 0.342983 	 0.247410 
1594 	 4 	 0.363561 	 0.262254 
1595 	 4 	 0.387345 	 0.279410 
1596 	 4 	 0.415237 	 0.299530 
1597 	 4 	 0.448326 	 0.323399 
1598 	 4 	 0.487853 	 0.351912 
1599 	 4 	 0.535085 	 0.385983 
1600 	 4 	 0.591053 	 0.426354 
1601 	 4 	 0.656060 	 0.473247 
1602 	 4 	 0.728939 	 0.525818 
1603 	 4 	 0.806068 	 0.581455 
1604 	 4 	 0.880474 	 0.635128 
1605 	 4 	 0.941695 	 0.679289 
1606 	 4 	 0.977286 	 0.704963 
1607 	 4 	 0.976383 	 0.704311 
1608 	 4 	 0.934139 	 0.673839 
1609 	 4 	 0.854411 	 0.616327 
1610 	 4 	 0.748611 	 0.540009 
1611 	 4 	 0.631395 	 0.455455 
1612 	 4 	 0.515984 	 0.372204 
1613 	 4 	 0.411462 	 0.296807 
1614 	 4 	 0.322370 	 0.232541 
1615 	 4 	 0.249739 	 0.180148 
1616 	 4 	 0.192437 	 0.138814 
1617 	 5 	 0.173091 	 0.107548 
1618 	 5 	 0.133634 	 0.083031 
1619 	 6 	 0.093866 	 0.052387 
1620 	 6 	 0.074608 	 0.041640 
1621 	 6 	 0.060570 	 0.033805 
1622 	 7 	 0.050651 	 0.026030 
1623 	 7 	 0.043050 	 0.022123 
1624 	 7 	 0.038146 	 0.019603 
1625 	 7 	 0.034882 	 0.017926 
1626 	 10 	 0.033890 	 0.014718 
1627 	 10 	 0.032335 	 0.014043 
1628 	 10 	 0.031642 	 0.013742 
1629 	 10 	 0.031964 	 0.013882 
1630 	 11 	 0.032941 	 0.013738 
1631 	 8 	 0.034865 	 0.016767 
1632 	 7 	 0.037157 	 0.019095 
1633 	 7 	 0.040115 	 0.020615 
1634 	 7 	 0.042208 	 0.021691 
1635 	 7 	 0.046731 	 0.024015 
1636 	 7 	 0.052052 	 0.026750 
1637 	 7 	 0.058684 	 0.030158 
1638 	 7 	 0.066174 	 0.034007 
1639 	 7 	 0.076551 	 0.039340 
1640 	 7 	 0.089926 	 0.046213 
1641 	 7 	 0.107403 	 0.055194 
1642 	 7 	 0.130523 	 0.067076 
1643 	 7 	 0.161380 	 0.082933 
1644 	 7 	 0.202714 	 0.104174 
1645 	 7 	 0.257890 	 0.132529 
1646 	 6 	 0.330580 	 0.184500 
1647 	 6 	 0.423872 	 0.236567 
1648 	 6 	 0.616395 	 0.344016 
1649 	 6 	 0.752011 	 0.419705 
1650 	 6 	 0.879445 	 0.490828 
1651 	 6 	 0.974953 	 0.544131 
1652 	 6 	 1.020460 	 0.569529 
1653 	 6 	 0.999458 	 0.557808 
1654 	 6 	 0.936744 	 0.522807 
1655 	 6 	 0.853683 	 0.476450 
1656 	 7 	 0.786422 	 0.404141 
1657 	 8 	 0.750946 	 0.361129 
1658 	 9 	 0.663254 	 0.301860 
1659 	 12 	 0.612380 	 0.246440 
1660 	 12 	 0.571381 	 0.229940 
1661 	 14 	 0.546222 	 0.206976 
1662 	 14 	 0.524747 	 0.198839 
1663 	 14 	 0.508591 	 0.192717 
1664 	 14 	 0.501636 	 0.190082 
1665 	 14 	 0.499428 	 0.189245 
1666 	 16 	 0.502557 	 0.181259 
1667 	 16 	 0.506522 	 0.182689 
1668 	 16 	 0.516302 	 0.186217 
1669 	 17 	 0.519476 	 0.183352 
1670 	 14 	 0.535320 	 0.202845 
1671 	 14 	 0.559057 	 0.211840 
1672 	 14 	 0.569213 	 0.215688 
1673 	 13 	 0.612084 	 0.238634 
1674 	 13 	 0.655204 	 0.255445 
1675 	 13 	 0.688631 	 0.268478 
1676 	 12 	 0.765810 	 0.308185 
1677 	 12 	 0.876588 	 0.352765 
1678 	 12 	 1.018485 	 0.409869 
1679 	 12 	 1.151079 	 0.463228 
1680 	 13 	 1.151622 	 0.448984 
1681 	 13 	 0.973283 	 0.379455 
1682 	 14 	 0.767602 	 0.290862 
1683 	 17 	 0.549903 	 0.194092 
1684 	 24 	 0.406451 	 0.127893 
1685 	 28 	 0.342453 	 0.102771 
1686 	 30 	 0.360544 	 0.106005 
1687 	 30 	 0.371684 	 0.109280 
1688 	 33 	 0.443009 	 0.126700 
1689 	 29 	 0.555505 	 0.164971 
1690 	 29 	 0.690097 	 0.204941 
1691 	 30 	 0.831955 	 0.244606 
1692 	 29 	 1.004104 	 0.298193 
1693 	 31 	 1.123036 	 0.327036 
1694 	 34 	 1.176061 	 0.333506 
1695 	 34 	 1.142179 	 0.323897 
1696 	 37 	 1.081377 	 0.299474 
1697 	 41 	 1.049528 	 0.282619 
1698 	 42 	 1.035832 	 0.277133 
1699 	 45 	 1.030171 	 0.270623 
1700 	 42 	 1.028778 	 0.275246 
1701 	 40 	 1.028785 	 0.278888 
1702 	 39 	 1.030550 	 0.281297 
1703 	 35 	 1.039015 	 0.292240 
1704 	 32 	 1.085297 	 0.313151 
1705 	 33 	 1.169596 	 0.334504 
1706 	 34 	 1.518916 	 0.430732 
1707 	 34 	 1.739202 	 0.493200 
1708 	 43 	 1.899716 	 0.505082 
1709 	 51 	 1.829222 	 0.465235 
1710 	 54 	 1.776780 	 0.445422 
1711 	 56 	 1.757173 	 0.436527 
1712 	 59 	 1.749643 	 0.429093 
1713 	 53 	 1.747430 	 0.440126 
1714 	 50 	 1.747600 	 0.446725 
1715 	 47 	 1.750170 	 0.454572 
1716 	 44 	 1.757518 	 0.464437 
1717 	 42 	 1.764476 	 0.472079 
1718 	 39 	 1.773715 	 0.484150 
1719 	 38 	 1.778177 	 0.488834 
1720 	 38 	 1.782245 	 0.489953 
1721 	 37 	 1.787519 	 0.495032 
1722 	 35 	 1.792576 	 0.504191 
1723 	 34 	 1.795385 	 0.509133 
1724 	 33 	 1.798811 	 0.514459 
1725 	 30 	 1.801961 	 0.529802 
1726 	 28 	 1.805645 	 0.541877 
1727 	 27 	 1.808740 	 0.548795 
1728 	 27 	 1.812168 	 0.549836 
1729 	 27 	 1.815312 	 0.550789 
1730 	 27 	 1.821035 	 0.552526 
1731 	 26 	 1.828180 	 0.561119 
1732 	 26 	 1.839340 	 0.564544 
1733 	 26 	 1.854823 	 0.569296 
1734 	 26 	 1.877565 	 0.576277 
1735 	 26 	 1.910311 	 0.586327 
1736 	 24 	 1.978963 	 0.622696 
1737 	 24 	 2.039702 	 0.641808 
1738 	 23 	 2.098656 	 0.669322 
1739 	 24 	 2.130661 	 0.670429 
1740 	 24 	 2.090741 	 0.657868 
1741 	 24 	 2.005359 	 0.631002 
1742 	 24 	 1.841256 	 0.579366 
1743 	 24 	 1.604973 	 0.505018 
1744 	 24 	 1.406939 	 0.442704 
1745 	 25 	 1.231308 	 0.382527 
1746 	 25 	 1.106226 	 0.343668 
1747 	 24 	 1.017115 	 0.320043 
1748 	 25 	 0.965432 	 0.299928 
1749 	 25 	 0.919780 	 0.285746 
1750 	 26 	 0.898587 	 0.275801 
1751 	 29 	 0.858879 	 0.255065 
1752 	 28 	 0.854979 	 0.256581 
1753 	 26 	 0.842755 	 0.258665 
1754 	 25 	 0.829485 	 0.257694 
1755 	 25 	 0.823551 	 0.255851 
1756 	 25 	 0.819669 	 0.254644 
1757 	 24 	 0.817396 	 0.257200 
1758 	 23 	 0.813737 	 0.259524 
1759 	 23 	 0.810786 	 0.258583 
1760 	 22 	 0.808276 	 0.261490 
1761 	 22 	 0.805027 	 0.260439 
1762 	 22 	 0.803275 	 0.259872 
1763 	 22 	 0.801504 	 0.259299 
1764 	 21 	 0.800162 	 0.262820 
1765 	 21 	 0.798979 	 0.262432 
1766 	 21 	 0.797946 	 0.262092 
1767 	 21 	 0.797078 	 0.261807 
1768 	 21 	 0.796338 	 0.261564 
1769 	 21 	 0.795762 	 0.261375 
1770 	 21 	 0.795366 	 0.261245 
1771 	 21 	 0.795177 	 0.261183 
1772 	 21 	 0.795232 	 0.261201 
1773 	 21 	 0.795581 	 0.261315 
1774 	 21 	 0.796282 	 0.261546 
1775 	 21 	 0.797416 	 0.261918 
1776 	 21 	 0.799079 	 0.262464 
1777 	 21 	 0.801394 	 0.263225 
1778 	 21 	 0.804504 	 0.264246 
1779 	 21 	 0.808598 	 0.265591 
1780 	 21 	 0.813893 	 0.267330 
1781 	 21 	 0.820653 	 0.269551 
1782 	 21 	 0.829188 	 0.272354 
1783 	 21 	 0.839855 	 0.275858 
1784 	 21 	 0.853061 	 0.280195 
1785 	 20 	 0.869223 	 0.290154 
1786 	 20 	 0.888842 	 0.296703 
1787 	 20 	 0.912328 	 0.304543 
1788 	 20 	 0.940029 	 0.313789 
1789 	 20 	 0.972111 	 0.324499 
1790 	 20 	 1.008430 	 0.336622 
1791 	 20 	 1.048356 	 0.349950 
1792 	 20 	 1.090578 	 0.364044 
1793 	 20 	 1.132908 	 0.378174 
1794 	 20 	 1.172176 	 0.391282 
1795 	 20 	 1.204277 	 0.401998 
1796 	 20 	 1.224499 	 0.408748 
1797 	 20 	 1.228188 	 0.409979 
1798 	 20 	 1.211632 	 0.404453 
1799 	 20 	 1.173002 	 0.391558 
1800 	 19 	 1.112895 	 0.377965 
1801 	 19 	 1.034596 	 0.351373 
1802 	 18 	 0.943026 	 0.326265 
1803 	 18 	 0.844232 	 0.292084 
1804 	 18 	 0.774699 	 0.268028 
1805 	 18 	 0.676183 	 0.233943 
1806 	 18 	 0.583456 	 0.201862 
1807 	 18 	 0.499009 	 0.172645 
1808 	 17 	 0.424054 	 0.149672 
1809 	 17 	 0.358940 	 0.126690 
1810 	 16 	 0.303215 	 0.109362 
1811 	 16 	 0.256156 	 0.092389 
1812 	 16 	 0.216761 	 0.078180 
1813 	 16 	 0.184005 	 0.066366 
1814 	 16 	 0.156903 	 0.056591 
1815 	 16 	 0.134553 	 0.048530 
1816 	 16 	 0.116161 	 0.041896 
1817 	 16 	 0.101044 	 0.036444 
1818 	 16 	 0.088628 	 0.031966 
1819 	 16 	 0.078435 	 0.028290 
1820 	 16 	 0.070075 	 0.025274 
1821 	 18 	 0.065795 	 0.022764 
1822 	 18 	 0.059733 	 0.020666 
1823 	 18 	 0.054795 	 0.018958 
1824 	 18 	 0.050804 	 0.017577 
1825 	 17 	 0.047613 	 0.016805 
1826 	 17 	 0.045120 	 0.015925 
1827 	 17 	 0.043236 	 0.015260 
1828 	 17 	 0.041897 	 0.014788 
1829 	 17 	 0.041057 	 0.014491 
1830 	 16 	 0.040683 	 0.014673 
1831 	 16 	 0.040766 	 0.014703 
1832 	 18 	 0.041508 	 0.014361 
1833 	 19 	 0.042435 	 0.014412 
1834 	 18 	 0.043945 	 0.015204 
1835 	 18 	 0.047804 	 0.016539 
1836 	 18 	 0.050797 	 0.017575 
1837 	 17 	 0.054427 	 0.019210 
1838 	 17 	 0.058769 	 0.020743 
1839 	 16 	 0.063904 	 0.023048 
1840 	 16 	 0.069934 	 0.025224 
1841 	 16 	 0.076972 	 0.027762 
1842 	 16 	 0.085147 	 0.030710 
1843 	 16 	 0.094606 	 0.034122 
1844 	 16 	 0.103974 	 0.037501 
1845 	 15 	 0.116282 	 0.042939 
1846 	 15 	 0.124801 	 0.046085 
1847 	 14 	 0.139067 	 0.052696 
1848 	 14 	 0.163825 	 0.062077 
1849 	 14 	 0.184549 	 0.069930 
1850 	 13 	 0.207987 	 0.081088 
1851 	 12 	 0.234384 	 0.094323 
1852 	 12 	 0.263968 	 0.106229 
1853 	 13 	 0.285251 	 0.111211 
1854 	 13 	 0.320524 	 0.124963 
1855 	 12 	 0.359382 	 0.144626 
1856 	 11 	 0.401850 	 0.167585 
1857 	 11 	 0.447836 	 0.186762 
1858 	 10 	 0.497091 	 0.215884 
1859 	 10 	 0.538530 	 0.233880 
1860 	 9 	 0.592525 	 0.269670 
1861 	 9 	 0.648186 	 0.295002 
1862 	 9 	 0.704559 	 0.320658 
1863 	 9 	 0.760525 	 0.346130 
1864 	 9 	 0.814842 	 0.370851 
1865 	 9 	 0.866216 	 0.394232 
1866 	 9 	 0.913370 	 0.415693 
1867 	 9 	 0.955158 	 0.434711 
1868 	 9 	 0.990638 	 0.450859 
1869 	 9 	 1.019162 	 0.463841 
1870 	 9 	 1.040411 	 0.473512 
1871 	 9 	 1.054412 	 0.479884 
1872 	 9 	 1.061511 	 0.483114 
1873 	 9 	 1.062320 	 0.483483 
1874 	 8 	 1.057640 	 0.508618 
1875 	 8 	 1.046353 	 0.503189 
1876 	 8 	 1.032986 	 0.496761 
1877 	 8 	 1.017120 	 0.489131 
1878 	 8 	 0.999605 	 0.480709 
1879 	 8 	 0.981180 	 0.471848 
1880 	 8 	 0.962462 	 0.462846 
1881 	 8 	 0.943955 	 0.453946 
1882 	 8 	 0.926016 	 0.445320 
1883 	 8 	 0.908929 	 0.437103 
1884 	 8 	 0.892881 	 0.429385 
1885 	 8 	 0.877983 	 0.422221 
1886 	 8 	 0.864290 	 0.415636 
1887 	 7 	 0.845249 	 0.434372 
1888 	 7 	 0.843766 	 0.433610 
1889 	 7 	 0.833292 	 0.428227 
1890 	 7 	 0.823923 	 0.423413 
1891 	 7 	 0.815592 	 0.419131 
1892 	 7 	 0.808227 	 0.415347 
1893 	 7 	 0.801755 	 0.412021 
1894 	 7 	 0.796103 	 0.409116 
1895 	 7 	 0.791202 	 0.406598 
1896 	 7 	 0.786992 	 0.404434 
1897 	 7 	 0.783415 	 0.402596 
1898 	 7 	 0.780421 	 0.401057 
1899 	 7 	 0.777969 	 0.399797 
1900 	 7 	 0.774667 	 0.398100 
1901 	 7 	 0.773624 	 0.397564 
1902 	 7 	 0.773029 	 0.397258 
1903 	 7 	 0.772877 	 0.397180 
1904 	 7 	 0.773170 	 0.397331 
1905 	 7 	 0.773916 	 0.397714 
1906 	 7 	 0.775131 	 0.398338 
1907 	 7 	 0.776837 	 0.399215 
1908 	 7 	 0.779064 	 0.400359 
1909 	 7 	 0.781846 	 0.401790 
1910 	 7 	 0.785228 	 0.403527 
1911 	 8 	 0.787687 	 0.378797 
1912 	 8 	 0.792149 	 0.380943 
1913 	 8 	 0.797348 	 0.383443 
1914 	 7 	 0.803340 	 0.412835 
1915 	 7 	 0.810201 	 0.416361 
1916 	 7 	 0.817992 	 0.420365 
1917 	 7 	 0.826780 	 0.424881 
1918 	 7 	 0.836628 	 0.429942 
1919 	 7 	 0.847593 	 0.435577 
1920 	 7 	 0.859722 	 0.441810 
1921 	 7 	 0.876481 	 0.450422 
1922 	 7 	 0.891297 	 0.458036 
1923 	 7 	 0.907284 	 0.466252 
1924 	 7 	 0.924366 	 0.475030 
1925 	 7 	 0.942424 	 0.484310 
1926 	 7 	 0.961272 	 0.493996 
1927 	 7 	 0.980656 	 0.503957 
1928 	 7 	 1.000242 	 0.514023 
1929 	 7 	 1.019610 	 0.523976 
1930 	 7 	 1.038255 	 0.533557 
1931 	 7 	 1.044980 	 0.537013 
1932 	 7 	 1.061648 	 0.545579 
1933 	 7 	 1.076079 	 0.552995 
1934 	 7 	 1.087553 	 0.558891 
1935 	 7 	 1.095338 	 0.562892 
1936 	 7 	 1.098743 	 0.564642 
1937 	 7 	 1.097156 	 0.563827 
1938 	 7 	 1.090094 	 0.560197 
1939 	 7 	 1.077246 	 0.553595 
1940 	 7 	 1.058507 	 0.543965 
1941 	 7 	 1.033994 	 0.531368 
1942 	 7 	 1.004041 	 0.515975 
1943 	 7 	 0.969188 	 0.498064 
1944 	 7 	 0.930139 	 0.477997 
1945 	 6 	 0.887707 	 0.495439 
1946 	 6 	 0.842798 	 0.470375 
1947 	 7 	 0.804648 	 0.413507 
1948 	 7 	 0.757502 	 0.389279 
1949 	 7 	 0.710294 	 0.365019 
1950 	 7 	 0.663736 	 0.341093 
1951 	 7 	 0.618430 	 0.317810 
1952 	 7 	 0.574855 	 0.295417 
1953 	 7 	 0.533372 	 0.274099 
1954 	 7 	 0.494239 	 0.253988 
1955 	 7 	 0.451123 	 0.231831 
1956 	 7 	 0.417551 	 0.214579 
1957 	 7 	 0.376355 	 0.193408 
1958 	 7 	 0.348748 	 0.179221 
1959 	 8 	 0.315887 	 0.151909 
1960 	 8 	 0.293638 	 0.141210 
1961 	 8 	 0.273465 	 0.131509 
1962 	 8 	 0.255219 	 0.122734 
1963 	 8 	 0.238750 	 0.114815 
1964 	 8 	 0.223911 	 0.107679 
1965 	 8 	 0.210561 	 0.101258 
1966 	 8 	 0.198566 	 0.095490 
1967 	 8 	 0.187801 	 0.090313 
1968 	 8 	 0.178153 	 0.085673 
1969 	 8 	 0.169775 	 0.081644 
1970 	 8 	 0.162022 	 0.077916 
1971 	 8 	 0.155097 	 0.074586 
1972 	 9 	 0.151197 	 0.068813 
1973 	 9 	 0.145450 	 0.066197 
1974 	 9 	 0.140340 	 0.063872 
1975 	 9 	 0.135809 	 0.061809 
1976 	 10 	 0.130180 	 0.056536 
1977 	 10 	 0.126855 	 0.055093 
1978 	 9 	 0.123948 	 0.056411 
1979 	 9 	 0.121434 	 0.055267 
1980 	 8 	 0.119273 	 0.057358 
1981 	 8 	 0.117451 	 0.056482 
1982 	 8 	 0.117033 	 0.056281 
1983 	 8 	 0.115599 	 0.055591 
1984 	 8 	 0.114454 	 0.055041 
1985 	 8 	 0.113583 	 0.054622 
1986 	 8 	 0.112976 	 0.054330 
1987 	 8 	 0.112623 	 0.054160 
1988 	 8 	 0.112518 	 0.054110 
1989 	 8 	 0.112659 	 0.054178 
1990 	 8 	 0.113044 	 0.054363 
1991 	 8 	 0.113674 	 0.054666 
1992 	 8 	 0.114554 	 0.055089 
1993 	 8 	 0.115691 	 0.055636 
1994 	 8 	 0.117094 	 0.056310 
1995 	 8 	 0.118774 	 0.057118 
1996 	 8 	 0.120748 	 0.058067 
1997 	 8 	 0.123031 	 0.059166 
1998 	 8 	 0.125647 	 0.060424 
1999 	 8 	 0.129915 	 0.062476 
2000 	 8 	 0.133435 	 0.064169 
2001 	 8 	 0.137386 	 0.066069 
2002 	 8 	 0.141807 	 0.068195 
2003 	 8 	 0.146740 	 0.070567 
2004 	 8 	 0.152234 	 0.073209 
2005 	 8 	 0.158341 	 0.076146 
2006 	 8 	 0.165120 	 0.079406 
2007 	 8 	 0.172637 	 0.083021 
2008 	 8 	 0.180961 	 0.087024 
2009 	 8 	 0.190172 	 0.091453 
2010 	 8 	 0.200351 	 0.096349 
2011 	 7 	 0.211566 	 0.108724 
2012 	 7 	 0.223965 	 0.115095 
2013 	 7 	 0.237623 	 0.122114 
2014 	 7 	 0.252649 	 0.129836 
2015 	 7 	 0.269156 	 0.138319 
2016 	 7 	 0.287260 	 0.147622 
2017 	 7 	 0.307076 	 0.157806 
2018 	 7 	 0.328720 	 0.168929 
2019 	 7 	 0.352301 	 0.181047 
2020 	 7 	 0.377921 	 0.194213 
2021 	 7 	 0.405667 	 0.208472 
2022 	 7 	 0.435602 	 0.223855 
2023 	 7 	 0.467767 	 0.240385 
2024 	 7 	 0.502400 	 0.258182 
2025 	 7 	 0.539000 	 0.276991 
2026 	 7 	 0.577689 	 0.296873 
2027 	 7 	 0.618306 	 0.317746 
2028 	 7 	 0.660615 	 0.339489 
2029 	 7 	 0.704295 	 0.361936 
2030 	 7 	 0.748940 	 0.384879 
2031 	 7 	 0.794053 	 0.408063 
2032 	 7 	 0.839052 	 0.431187 
2033 	 7 	 0.883273 	 0.453912 
2034 	 7 	 0.925990 	 0.475865 
2035 	 7 	 0.966437 	 0.496651 
2036 	 7 	 1.003837 	 0.515870 
2037 	 7 	 1.037433 	 0.533135 
2038 	 7 	 1.066531 	 0.548089 
2039 	 7 	 1.090534 	 0.560424 
2040 	 7 	 1.108975 	 0.569901 
2041 	 7 	 1.121546 	 0.576361 
2042 	 7 	 1.128112 	 0.579735 
2043 	 7 	 1.128720 	 0.580047 
2044 	 7 	 1.123586 	 0.577409 
2045 	 7 	 1.113084 	 0.572012 
2046 	 7 	 1.097715 	 0.564114 
2047 	 7 	 1.078074 	 0.554020 
2048 	 7 	 1.054816 	 0.542068 
2049 	 7 	 1.028626 	 0.528609 
2050 	 7 	 1.000185 	 0.513993 
2051 	 7 	 0.970134 	 0.498550 
2052 	 7 	 0.939080 	 0.482592 
2053 	 7 	 0.907554 	 0.466390 
2054 	 7 	 0.876024 	 0.450187 
2055 	 7 	 0.844877 	 0.434181 
2056 	 7 	 0.814440 	 0.418540 
2057 	 7 	 0.784963 	 0.403391 
2058 	 7 	 0.756633 	 0.388832 
2059 	 7 	 0.729588 	 0.374934 
2060 	 7 	 0.703917 	 0.361742 
2061 	 7 	 0.679670 	 0.349281 
2062 	 7 	 0.656861 	 0.337560 
2063 	 7 	 0.635484 	 0.326574 
2064 	 7 	 0.615507 	 0.316308 
2065 	 7 	 0.596891 	 0.306741 
2066 	 7 	 0.579576 	 0.297843 
2067 	 7 	 0.563504 	 0.289584 
2068 	 7 	 0.548607 	 0.281928 
2069 	 7 	 0.534817 	 0.274841 
2070 	 7 	 0.522065 	 0.268288 
2071 	 7 	 0.510283 	 0.262233 
2072 	 7 	 0.499405 	 0.256644 
2073 	 7 	 0.489370 	 0.251487 
2074 	 7 	 0.480117 	 0.246731 
2075 	 7 	 0.471590 	 0.242349 
2076 	 7 	 0.463736 	 0.238313 
2077 	 7 	 0.456507 	 0.234598 
2078 	 7 	 0.449859 	 0.231182 
2079 	 7 	 0.443750 	 0.228043 
2080 	 7 	 0.438143 	 0.225161 
2081 	 7 	 0.433003 	 0.222519 
2082 	 7 	 0.428298 	 0.220102 
2083 	 7 	 0.424005 	 0.217895 
2084 	 7 	 0.420094 	 0.215886 
2085 	 7 	 0.416544 	 0.214061 
2086 	 7 	 0.413335 	 0.212412 
2087 	 7 	 0.410451 	 0.210930 
2088 	 8 	 0.409156 	 0.196763 
2089 	 8 	 0.406729 	 0.195595 
2090 	 8 	 0.404588 	 0.194566 
2091 	 8 	 0.402727 	 0.193671 
2092 	 8 	 0.400880 	 0.192782 
2093 	 8 	 0.399596 	 0.192165 
2094 	 8 	 0.397992 	 0.191394 
2095 	 8 	 0.397393 	 0.191106 
2096 	 8 	 0.397042 	 0.190937 
2097 	 8 	 0.396937 	 0.190886 
2098 	 8 	 0.397080 	 0.190955 
2099 	 8 	 0.397473 	 0.191144 
2100 	 8 	 0.398116 	 0.191453 
2101 	 8 	 0.399016 	 0.191886 
2102 	 8 	 0.400177 	 0.192444 
2103 	 8 	 0.400961 	 0.192821 
2104 	 8 	 0.402545 	 0.193583 
2105 	 8 	 0.404408 	 0.194479 
2106 	 8 	 0.406558 	 0.195513 
2107 	 8 	 0.409007 	 0.196691 
2108 	 8 	 0.411763 	 0.198016 
2109 	 8 	 0.414838 	 0.199495 
2110 	 8 	 0.418246 	 0.201134 
2111 	 8 	 0.421998 	 0.202938 
2112 	 8 	 0.426109 	 0.204915 
2113 	 8 	 0.430595 	 0.207073 
2114 	 8 	 0.435471 	 0.209417 
2115 	 8 	 0.440749 	 0.211955 
2116 	 8 	 0.446448 	 0.214696 
2117 	 8 	 0.452585 	 0.217647 
2118 	 8 	 0.459172 	 0.220815 
2119 	 8 	 0.466228 	 0.224208 
2120 	 8 	 0.473768 	 0.227834 
2121 	 8 	 0.481803 	 0.231698 
2122 	 8 	 0.490350 	 0.235808 
2123 	 8 	 0.499418 	 0.240169 
2124 	 8 	 0.509017 	 0.244785 
2125 	 8 	 0.519151 	 0.249659 
2126 	 8 	 0.529827 	 0.254793 
2127 	 8 	 0.541041 	 0.260186 
2128 	 8 	 0.552792 	 0.265837 
2129 	 8 	 0.565069 	 0.271741 
2130 	 8 	 0.577857 	 0.277891 
2131 	 8 	 0.591135 	 0.284276 
2132 	 8 	 0.604871 	 0.290882 
2133 	 7 	 0.619018 	 0.318112 
2134 	 7 	 0.633554 	 0.325582 
2135 	 7 	 0.648416 	 0.333220 
2136 	 7 	 0.663534 	 0.340989 
2137 	 7 	 0.678837 	 0.348853 
2138 	 7 	 0.694237 	 0.356767 
2139 	 7 	 0.709641 	 0.364683 
2140 	 7 	 0.724941 	 0.372546 
2141 	 7 	 0.740023 	 0.380296 
2142 	 7 	 0.754759 	 0.387869 
2143 	 7 	 0.769021 	 0.395199 
2144 	 7 	 0.782664 	 0.402210 
2145 	 7 	 0.789766 	 0.405859 
2146 	 7 	 0.802177 	 0.412237 
2147 	 7 	 0.813603 	 0.418109 
2148 	 7 	 0.823899 	 0.423400 
2149 	 7 	 0.832923 	 0.428038 
2150 	 7 	 0.840543 	 0.431954 
2151 	 7 	 0.849385 	 0.436498 
2152 	 7 	 0.852866 	 0.438286 
2153 	 7 	 0.854572 	 0.439163 
2154 	 7 	 0.854443 	 0.439097 
2155 	 7 	 0.852436 	 0.438065 
2156 	 7 	 0.848533 	 0.436060 
2157 	 7 	 0.842742 	 0.433084 
2158 	 7 	 0.835092 	 0.429152 
2159 	 7 	 0.825633 	 0.424291 
2160 	 7 	 0.814441 	 0.418540 
2161 	 7 	 0.801609 	 0.411945 
2162 	 7 	 0.787247 	 0.404565 
2163 	 6 	 0.771457 	 0.430559 
2164 	 6 	 0.754427 	 0.421054 
2165 	 6 	 0.736275 	 0.410923 
2166 	 6 	 0.717151 	 0.400250 
2167 	 6 	 0.697209 	 0.389120 
2168 	 6 	 0.676602 	 0.377619 
2169 	 6 	 0.655480 	 0.365830 
2170 	 6 	 0.633985 	 0.353834 
2171 	 6 	 0.612259 	 0.341708 
2172 	 6 	 0.590429 	 0.329525 
2173 	 6 	 0.568613 	 0.317349 
2174 	 6 	 0.546922 	 0.305243 
2175 	 6 	 0.525454 	 0.293261 
2176 	 6 	 0.504295 	 0.281452 
2177 	 6 	 0.483521 	 0.269858 
2178 	 6 	 0.463198 	 0.258516 
2179 	 6 	 0.443381 	 0.247455 
2180 	 6 	 0.424114 	 0.236702 
2181 	 6 	 0.405433 	 0.226276 
2182 	 6 	 0.387366 	 0.216193 
2183 	 6 	 0.369934 	 0.206464 
2184 	 6 	 0.353149 	 0.197096 
2185 	 6 	 0.337019 	 0.188094 
2186 	 6 	 0.321545 	 0.179458 
2187 	 6 	 0.306725 	 0.171186 
2188 	 6 	 0.292551 	 0.163276 
2189 	 6 	 0.279014 	 0.155721 
2190 	 6 	 0.266101 	 0.148514 
2191 	 6 	 0.253796 	 0.141646 
2192 	 6 	 0.242082 	 0.135108 
2193 	 6 	 0.230941 	 0.128890 
2194 	 6 	 0.220353 	 0.122981 
2195 	 6 	 0.210298 	 0.117369 
2196 	 6 	 0.200755 	 0.112043 
2197 	 6 	 0.191702 	 0.106991 
2198 	 6 	 0.183120 	 0.102201 
2199 	 6 	 0.174987 	 0.097662 
2200 	 6 	 0.167281 	 0.093362 
2201 	 5 	 0.159963 	 0.099391 
2202 	 5 	 0.153056 	 0.095099 
2203 	 5 	 0.146516 	 0.091036 
2204 	 5 	 0.140327 	 0.087190 
2205 	 5 	 0.134470 	 0.083551 
2206 	 5 	 0.128929 	 0.080108 
2207 	 5 	 0.123685 	 0.076850 
2208 	 5 	 0.118723 	 0.073767 
2209 	 5 	 0.114029 	 0.070850 
2210 	 5 	 0.109588 	 0.068091 
2211 	 5 	 0.105385 	 0.065479 
2212 	 5 	 0.101408 	 0.063008 
2213 	 5 	 0.097644 	 0.060670 
2214 	 5 	 0.094082 	 0.058457 
2215 	 5 	 0.090710 	 0.056362 
2216 	 5 	 0.087518 	 0.054378 
2217 	 5 	 0.084496 	 0.052500 
2218 	 5 	 0.081634 	 0.050722 
2219 	 5 	 0.078923 	 0.049038 
2220 	 6 	 0.076685 	 0.042799 
2221 	 6 	 0.074236 	 0.041432 
2222 	 6 	 0.071916 	 0.040137 
2223 	 6 	 0.069717 	 0.038910 
2224 	 6 	 0.067632 	 0.037746 
2225 	 6 	 0.065656 	 0.036643 
2226 	 6 	 0.063782 	 0.035598 
2227 	 6 	 0.062005 	 0.034606 
2228 	 5 	 0.060295 	 0.037463 
2229 	 5 	 0.058696 	 0.036470 
2230 	 5 	 0.057180 	 0.035528 
2231 	 5 	 0.055741 	 0.034634 
2232 	 5 	 0.054376 	 0.033786 
2233 	 5 	 0.053080 	 0.032981 
2234 	 5 	 0.051851 	 0.032217 
2235 	 5 	 0.050684 	 0.031492 
2236 	 5 	 0.049578 	 0.030804 
2237 	 5 	 0.048527 	 0.030152 
2238 	 4 	 0.047502 	 0.034266 
2239 	 4 	 0.046558 	 0.033584 
2240 	 4 	 0.045662 	 0.032938 
2241 	 4 	 0.044812 	 0.032325 
2242 	 4 	 0.044006 	 0.031744 
2243 	 4 	 0.043242 	 0.031193 
2244 	 4 	 0.042518 	 0.030670 
2245 	 4 	 0.041832 	 0.030176 
2246 	 4 	 0.041182 	 0.029707 
2247 	 4 	 0.040567 	 0.029263 
2248 	 4 	 0.039985 	 0.028843 
2249 	 4 	 0.039435 	 0.028447 
2250 	 4 	 0.038915 	 0.028071 
2251 	 4 	 0.038425 	 0.027717 
2252 	 4 	 0.037962 	 0.027384 
2253 	 4 	 0.037525 	 0.027069 
2254 	 4 	 0.037115 	 0.026773 
2255 	 4 	 0.036729 	 0.026494 
2256 	 4 	 0.036367 	 0.026233 
2257 	 4 	 0.036027 	 0.025988 
2258 	 4 	 0.035710 	 0.025759 
2259 	 4 	 0.035414 	 0.025546 
2260 	 4 	 0.035138 	 0.025347 
2261 	 4 	 0.034883 	 0.025162 
2262 	 4 	 0.034646 	 0.024992 
2263 	 4 	 0.034427 	 0.024834 
2264 	 4 	 0.034227 	 0.024690 
2265 	 4 	 0.034044 	 0.024557 
2266 	 4 	 0.033878 	 0.024437 
2267 	 4 	 0.033728 	 0.024329 
2268 	 4 	 0.033593 	 0.024233 
2269 	 4 	 0.033475 	 0.024147 
2270 	 4 	 0.033371 	 0.024072 
2271 	 4 	 0.033282 	 0.024008 
2272 	 4 	 0.033207 	 0.023954 
2273 	 4 	 0.033146 	 0.023910 
2274 	 4 	 0.033099 	 0.023876 
2275 	 4 	 0.033065 	 0.023851 
2276 	 4 	 0.033044 	 0.023836 
2277 	 4 	 0.033036 	 0.023830 
2278 	 4 	 0.033040 	 0.023834 
2279 	 4 	 0.033057 	 0.023846 
2280 	 4 	 0.033086 	 0.023866 
2281 	 4 	 0.033127 	 0.023896 
2282 	 4 	 0.033179 	 0.023933 
2283 	 4 	 0.033243 	 0.023979 
2284 	 4 	 0.033318 	 0.024034 
2285 	 4 	 0.033404 	 0.024096 
2286 	 4 	 0.033501 	 0.024166 
2287 	 4 	 0.033609 	 0.024244 
2288 	 4 	 0.033728 	 0.024330 
2289 	 4 	 0.033858 	 0.024423 
2290 	 4 	 0.033999 	 0.024525 
2291 	 4 	 0.034149 	 0.024633 
2292 	 4 	 0.034310 	 0.024750 
2293 	 4 	 0.034482 	 0.024873 
2294 	 4 	 0.034663 	 0.025004 
2295 	 4 	 0.034855 	 0.025143 
2296 	 4 	 0.035057 	 0.025288 
2297 	 4 	 0.035269 	 0.025441 
2298 	 4 	 0.035491 	 0.025601 
2299 	 4 	 0.035723 	 0.025768 
2300 	 4 	 0.035964 	 0.025943 
2301 	 4 	 0.036216 	 0.026125 
2302 	 4 	 0.036478 	 0.026313 
2303 	 4 	 0.036749 	 0.026509 
2304 	 4 	 0.037031 	 0.026712 
2305 	 4 	 0.037322 	 0.026922 
2306 	 4 	 0.037623 	 0.027139 
2307 	 4 	 0.037934 	 0.027364 
2308 	 4 	 0.038255 	 0.027595 
2309 	 4 	 0.038586 	 0.027834 
2310 	 4 	 0.038926 	 0.028079 
2311 	 4 	 0.039277 	 0.028332 
2312 	 4 	 0.039637 	 0.028592 
2313 	 4 	 0.040007 	 0.028859 
2314 	 4 	 0.040388 	 0.029134 
2315 	 4 	 0.040778 	 0.029415 
2316 	 4 	 0.041179 	 0.029704 
2317 	 4 	 0.041589 	 0.030000 
2318 	 4 	 0.042010 	 0.030304 
2319 	 4 	 0.042441 	 0.030614 
2320 	 4 	 0.042882 	 0.030932 
2321 	 4 	 0.043333 	 0.031258 
2322 	 4 	 0.043795 	 0.031591 
2323 	 4 	 0.044267 	 0.031932 
2324 	 4 	 0.044749 	 0.032280 
2325 	 4 	 0.045242 	 0.032635 
2326 	 4 	 0.045746 	 0.032999 
2327 	 4 	 0.046260 	 0.033370 
2328 	 4 	 0.046785 	 0.033748 
2329 	 4 	 0.047321 	 0.034135 
2330 	 4 	 0.047868 	 0.034529 
2331 	 4 	 0.048425 	 0.034931 
2332 	 4 	 0.048994 	 0.035342 
2333 	 4 	 0.049574 	 0.035760 
2334 	 4 	 0.050165 	 0.036186 
2335 	 3 	 0.050295 	 0.045781 
2336 	 3 	 0.050918 	 0.046347 
2337 	 3 	 0.051551 	 0.046924 
2338 	 3 	 0.052197 	 0.047511 
2339 	 3 	 0.052853 	 0.048109 
2340 	 3 	 0.053522 	 0.048718 
2341 	 3 	 0.054202 	 0.049337 
2342 	 3 	 0.054894 	 0.049966 
2343 	 3 	 0.055597 	 0.050607 
2344 	 3 	 0.056313 	 0.051259 
2345 	 3 	 0.057041 	 0.051921 
2346 	 3 	 0.057782 	 0.052595 
2347 	 3 	 0.058534 	 0.053280 
2348 	 3 	 0.059299 	 0.053976 
2349 	 3 	 0.060077 	 0.054684 
2350 	 3 	 0.060868 	 0.055404 
2351 	 3 	 0.061671 	 0.056135 
2352 	 3 	 0.062487 	 0.056878 
2353 	 3 	 0.063317 	 0.057633 
2354 	 3 	 0.064159 	 0.058400 
2355 	 3 	 0.065015 	 0.059179 
2356 	 3 	 0.065885 	 0.059971 
2357 	 3 	 0.066768 	 0.060775 
2358 	 3 	 0.067665 	 0.061591 
2359 	 3 	 0.068576 	 0.062420 
2360 	 3 	 0.069500 	 0.063262 
2361 	 3 	 0.070439 	 0.064117 
2362 	 3 	 0.071393 	 0.064984 
2363 	 3 	 0.072360 	 0.065865 
2364 	 3 	 0.073343 	 0.066759 
2365 	 3 	 0.074340 	 0.067667 
2366 	 3 	 0.075352 	 0.068588 
2367 	 3 	 0.076379 	 0.069523 
2368 	 3 	 0.077422 	 0.070472 
2369 	 3 	 0.078479 	 0.071435 
2370 	 3 	 0.079552 	 0.072411 
2371 	 3 	 0.080641 	 0.073402 
2372 	 3 	 0.081745 	 0.074408 
2373 	 3 	 0.082866 	 0.075428 
2374 	 3 	 0.084002 	 0.076462 
2375 	 3 	 0.085155 	 0.077512 
2376 	 3 	 0.086325 	 0.078576 
2377 	 3 	 0.087510 	 0.079655 
2378 	 2 	 0.086866 	 0.125321 
2379 	 2 	 0.088119 	 0.127129 
2380 	 2 	 0.089389 	 0.128961 
2381 	 2 	 0.090675 	 0.130817 
2382 	 2 	 0.091979 	 0.132697 
2383 	 2 	 0.093299 	 0.134602 
2384 	 2 	 0.094636 	 0.136531 
2385 	 2 	 0.095991 	 0.138486 
2386 	 2 	 0.097363 	 0.140465 
2387 	 2 	 0.098753 	 0.142470 
2388 	 2 	 0.100161 	 0.144502 
2389 	 2 	 0.101587 	 0.146559 
2390 	 2 	 0.103031 	 0.148642 
2391 	 2 	 0.104494 	 0.150752 
2392 	 2 	 0.105975 	 0.152889 
2393 	 2 	 0.107475 	 0.155054 
2394 	 2 	 0.108994 	 0.157245 
2395 	 2 	 0.110532 	 0.159464 
2396 	 2 	 0.112090 	 0.161712 
2397 	 2 	 0.113667 	 0.163986 
2398 	 2 	 0.115264 	 0.166290 
2399 	 2 	 0.116880 	 0.168623 
2400 	 2 	 0.118517 	 0.170984 
2401 	 2 	 0.120174 	 0.173375 
2402 	 2 	 0.121851 	 0.175794 
2403 	 2 	 0.123549 	 0.178244 
2404 	 2 	 0.125268 	 0.180724 
2405 	 2 	 0.127008 	 0.183234 
2406 	 2 	 0.128769 	 0.185774 
2407 	 2 	 0.130551 	 0.188345 
2408 	 2 	 0.132355 	 0.190948 
2409 	 2 	 0.134180 	 0.193581 
2410 	 2 	 0.136027 	 0.196246 
2411 	 2 	 0.137897 	 0.198943 
2412 	 2 	 0.139788 	 0.201672 
2413 	 2 	 0.141702 	 0.204433 
2414 	 2 	 0.143639 	 0.207227 
2415 	 2 	 0.145598 	 0.210053 
2416 	 2 	 0.147579 	 0.212912 
2417 	 2 	 0.149584 	 0.215805 
2418 	 2 	 0.151613 	 0.218731 
2419 	 2 	 0.153665 	 0.221691 
2420 	 2 	 0.155739 	 0.224685 
2421 	 2 	 0.157838 	 0.227712 
2422 	 2 	 0.159961 	 0.230775 
2423 	 2 	 0.162108 	 0.233872 
2424 	 2 	 0.164278 	 0.237003 
2425 	 2 	 0.166473 	 0.240170 
2426 	 2 	 0.168693 	 0.243372 
2427 	 2 	 0.170937 	 0.246610 
2428 	 2 	 0.173206 	 0.249883 
2429 	 2 	 0.175499 	 0.253192 
2430 	 2 	 0.177818 	 0.256536 
2431 	 2 	 0.180162 	 0.259918 
2432 	 2 	 0.182530 	 0.263335 
2433 	 2 	 0.184925 	 0.266790 
2434 	 2 	 0.187344 	 0.270281 
2435 	 2 	 0.189790 	 0.273808 
2436 	 2 	 0.192260 	 0.277373 
2437 	 2 	 0.194757 	 0.280975 
2438 	 2 	 0.197280 	 0.284615 
2439 	 2 	 0.199828 	 0.288291 
2440 	 2 	 0.202403 	 0.292006 
2441 	 2 	 0.205004 	 0.295759 
2442 	 2 	 0.207631 	 0.299548 
2443 	 2 	 0.210284 	 0.303376 
2444 	 2 	 0.212964 	 0.307242 
2445 	 2 	 0.215670 	 0.311146 
2446 	 2 	 0.218403 	 0.315088 
2447 	 2 	 0.221162 	 0.319069 
2448 	 2 	 0.223947 	 0.323088 
2449 	 2 	 0.226759 	 0.327144 
2450 	 2 	 0.229598 	 0.331240 
2451 	 2 	 0.232463 	 0.335374 
2452 	 2 	 0.235356 	 0.339547 
2453 	 2 	 0.238275 	 0.343758 
2454 	 2 	 0.241219 	 0.348006 
2455 	 2 	 0.244192 	 0.352294 
2456 	 2 	 0.247190 	 0.356620 
2457 	 2 	 0.250216 	 0.360985 
2458 	 2 	 0.253267 	 0.365387 
2459 	 2 	 0.256345 	 0.369827 
2460 	 2 	 0.259450 	 0.374307 
2461 	 2 	 0.262580 	 0.378824 
2462 	 2 	 0.265737 	 0.383378 
2463 	 2 	 0.268920 	 0.387970 
2464 	 2 	 0.272130 	 0.392601 
2465 	 2 	 0.275365 	 0.397268 
2466 	 2 	 0.278627 	 0.401974 
2467 	 2 	 0.281914 	 0.406716 
2468 	 2 	 0.285226 	 0.411494 
2469 	 2 	 0.288564 	 0.416310 
2470 	 2 	 0.291927 	 0.421161 
2471 	 2 	 0.295315 	 0.426050 
2472 	 2 	 0.298728 	 0.430973 
2473 	 2 	 0.302165 	 0.435933 
2474 	 2 	 0.305627 	 0.440927 
2475 	 2 	 0.309112 	 0.445955 
2476 	 2 	 0.312622 	 0.451018 
2477 	 2 	 0.316157 	 0.456118 
2478 	 2 	 0.319715 	 0.461252 
2479 	 2 	 0.323294 	 0.466415 
2480 	 2 	 0.326897 	 0.471612 
2481 	 2 	 0.330522 	 0.476843 
2482 	 2 	 0.334172 	 0.482108 
2483 	 2 	 0.337840 	 0.487400 
2484 	 2 	 0.341531 	 0.492724 
2485 	 2 	 0.345243 	 0.498080 
2486 	 2 	 0.348975 	 0.503464 
2487 	 2 	 0.352729 	 0.508880 
2488 	 2 	 0.356500 	 0.514320 
2489 	 2 	 0.360293 	 0.519793 
2490 	 2 	 0.364104 	 0.525290 
2491 	 2 	 0.367932 	 0.530814 
2492 	 2 	 0.371779 	 0.536363 
2493 	 2 	 0.375643 	 0.541938 
2494 	 2 	 0.379525 	 0.547539 
2495 	 2 	 0.383422 	 0.553161 
2496 	 2 	 0.387336 	 0.558808 
2497 	 2 	 0.391265 	 0.564475 
2498 	 2 	 0.395207 	 0.570163 
2499 	 2 	 0.399164 	 0.575871 
2500 	 2 	 0.403134 	 0.581599 
2501 	 2 	 0.407116 	 0.587345 
2502 	 2 	 0.411111 	 0.593107 
2503 	 2 	 0.415116 	 0.598886 
2504 	 2 	 0.419133 	 0.604680 
2505 	 2 	 0.423158 	 0.610489 
2506 	 2 	 0.427193 	 0.616310 
2507 	 2 	 0.431236 	 0.622143 
2508 	 2 	 0.435287 	 0.627986 
2509 	 2 	 0.439344 	 0.633840 
2510 	 2 	 0.443407 	 0.639701 
2511 	 2 	 0.447475 	 0.645570 
2512 	 2 	 0.451546 	 0.651444 
2513 	 2 	 0.455621 	 0.657322 
2514 	 2 	 0.459698 	 0.663204 
2515 	 2 	 0.463777 	 0.669089 
2516 	 2 	 0.467856 	 0.674973 
2517 	 2 	 0.471934 	 0.680857 
2518 	 2 	 0.476010 	 0.686738 
2519 	 2 	 0.480085 	 0.692616 
2520 	 2 	 0.484156 	 0.698489 
2521 	 2 	 0.488221 	 0.704354 
2522 	 2 	 0.492281 	 0.710212 
2523 	 2 	 0.496335 	 0.716060 
2524 	 2 	 0.500380 	 0.721896 
2525 	 2 	 0.504416 	 0.727719 
2526 	 2 	 0.508443 	 0.733529 
2527 	 2 	 0.512459 	 0.739322 
2528 	 2 	 0.516462 	 0.745097 
2529 	 2 	 0.520451 	 0.750853 
2530 	 2 	 0.524427 	 0.756588 
2531 	 2 	 0.528386 	 0.762300 
2532 	 2 	 0.532328 	 0.767988 
2533 	 2 	 0.536252 	 0.773648 
2534 	 2 	 0.540157 	 0.779282 
2535 	 2 	 0.544040 	 0.784884 
2536 	 2 	 0.547902 	 0.790456 
2537 	 2 	 0.551740 	 0.795993 
2538 	 2 	 0.555554 	 0.801495 
2539 	 2 	 0.559343 	 0.806962 
2540 	 2 	 0.563103 	 0.812386 
2541 	 2 	 0.566836 	 0.817772 
2542 	 2 	 0.570540 	 0.823115 
2543 	 2 	 0.574212 	 0.828413 
2544 	 2 	 0.577852 	 0.833665 
2545 	 2 	 0.581459 	 0.838868 
2546 	 2 	 0.585032 	 0.844023 
2547 	 2 	 0.588567 	 0.849123 
2548 	 2 	 0.592065 	 0.854169 
2549 	 2 	 0.595525 	 0.859160 
2550 	 2 	 0.598944 	 0.864093 
2551 	 2 	 0.602322 	 0.868967 
2552 	 2 	 0.605657 	 0.873778 
2553 	 2 	 0.608948 	 0.878526 
2554 	 2 	 0.612194 	 0.883210 
2555 	 2 	 0.615393 	 0.887825 
2556 	 2 	 0.618545 	 0.892371 
2557 	 2 	 0.621647 	 0.896847 
2558 	 2 	 0.624699 	 0.901250 
2559 	 2 	 0.627698 	 0.905578 
2560 	 2 	 0.630646 	 0.909829 
2561 	 2 	 0.633539 	 0.914003 
2562 	 2 	 0.636376 	 0.918096 
2563 	 2 	 0.639157 	 0.922108 
2564 	 2 	 0.641880 	 0.926037 
2565 	 2 	 0.644543 	 0.929879 
2566 	 2 	 0.647147 	 0.933635 
2567 	 2 	 0.649689 	 0.937303 
2568 	 2 	 0.652169 	 0.940880 
2569 	 2 	 0.654585 	 0.944366 
2570 	 2 	 0.656936 	 0.947759 
2571 	 2 	 0.659222 	 0.951056 
2572 	 2 	 0.661441 	 0.954257 
2573 	 2 	 0.663592 	 0.957361 
2574 	 2 	 0.665674 	 0.960364 
2575 	 2 	 0.667687 	 0.963268 
2576 	 2 	 0.669629 	 0.966070 
2577 	 2 	 0.671499 	 0.968768 
2578 	 2 	 0.673296 	 0.971361 
2579 	 2 	 0.675021 	 0.973849 
2580 	 2 	 0.676671 	 0.976230 
2581 	 2 	 0.678246 	 0.978502 
2582 	 2 	 0.679746 	 0.980666 
2583 	 2 	 0.681169 	 0.982719 
2584 	 2 	 0.682515 	 0.984661 
2585 	 2 	 0.683783 	 0.986491 
2586 	 2 	 0.684973 	 0.988207 
2587 	 2 	 0.686084 	 0.989810 
2588 	 2 	 0.687115 	 0.991298 
2589 	 2 	 0.688067 	 0.992671 
2590 	 2 	 0.688938 	 0.993927 
2591 	 2 	 0.689728 	 0.995067 
2592 	 2 	 0.690437 	 0.996090 
2593 	 2 	 0.691064 	 0.996995 
2594 	 2 	 0.691609 	 0.997781 
2595 	 2 	 0.692072 	 0.998449 
2596 	 2 	 0.692452 	 0.998998 
2597 	 2 	 0.692750 	 0.999427 
2598 	 2 	 0.692965 	 0.999738 
2599 	 2 	 0.693098 	 0.999928 
2600 	 2 	 0.693147 	 0.999999 
2601 	 2 	 0.693113 	 0.999951 
2602 	 2 	 0.692996 	 0.999782 
2603 	 2 	 0.692797 	 0.999494 
2604 	 2 	 0.692514 	 0.999087 
2605 	 2 	 0.692149 	 0.998560 
2606 	 2 	 0.691701 	 0.997914 
2607 	 2 	 0.691172 	 0.997150 
2608 	 2 	 0.690560 	 0.996267 
2609 	 2 	 0.689866 	 0.995267 
2610 	 2 	 0.689091 	 0.994148 
2611 	 2 	 0.688235 	 0.992914 
2612 	 2 	 0.687299 	 0.991562 
2613 	 2 	 0.686282 	 0.990096 
2614 	 1 	 0.000000 	 nan 
2615 	 1 	 0.000000 	 nan 
2616 	 1 	 0.000000 	 nan 
2617 	 1 	 0.000000 	 nan 
2618 	 1 	 0.000000 	 nan 
2619 	 1 	 0.000000 	 nan 
2620 	 1 	 0.000000 	 nan 
2621 	 1 	 0.000000 	 nan 
2622 	 1 	 0.000000 	 nan 
2623 	 1 	 0.000000 	 nan 
2624 	 1 	 0.000000 	 nan 
2625 	 1 	 0.000000 	 nan 
2626 	 1 	 0.000000 	 nan 
